(kicad_pcb (version 20171130) (host pcbnew "(5.1.5)-3")

  (general
    (thickness 1.6)
    (drawings 8)
    (tracks 309)
    (zones 0)
    (modules 50)
    (nets 45)
  )

  (page A4)
  (layers
    (0 F.Cu signal)
    (31 B.Cu signal)
    (32 B.Adhes user)
    (33 F.Adhes user)
    (34 B.Paste user)
    (35 F.Paste user)
    (36 B.SilkS user)
    (37 F.SilkS user)
    (38 B.Mask user)
    (39 F.Mask user)
    (40 Dwgs.User user)
    (41 Cmts.User user)
    (42 Eco1.User user)
    (43 Eco2.User user)
    (44 Edge.Cuts user)
    (45 Margin user)
    (46 B.CrtYd user)
    (47 F.CrtYd user)
    (48 B.Fab user)
    (49 F.Fab user hide)
  )

  (setup
    (last_trace_width 0.25)
    (user_trace_width 0.5)
    (user_trace_width 1)
    (user_trace_width 1.5)
    (trace_clearance 0.2)
    (zone_clearance 0.508)
    (zone_45_only no)
    (trace_min 0.2)
    (via_size 0.8)
    (via_drill 0.4)
    (via_min_size 0.4)
    (via_min_drill 0.3)
    (uvia_size 0.3)
    (uvia_drill 0.1)
    (uvias_allowed no)
    (uvia_min_size 0.2)
    (uvia_min_drill 0.1)
    (edge_width 0.05)
    (segment_width 0.2)
    (pcb_text_width 0.3)
    (pcb_text_size 1.5 1.5)
    (mod_edge_width 0.12)
    (mod_text_size 1 1)
    (mod_text_width 0.15)
    (pad_size 2.45 2.45)
    (pad_drill 0)
    (pad_to_mask_clearance 0.051)
    (solder_mask_min_width 0.25)
    (aux_axis_origin 0 0)
    (visible_elements 7FFFFFFF)
    (pcbplotparams
      (layerselection 0x010fc_ffffffff)
      (usegerberextensions false)
      (usegerberattributes false)
      (usegerberadvancedattributes false)
      (creategerberjobfile false)
      (excludeedgelayer true)
      (linewidth 0.100000)
      (plotframeref false)
      (viasonmask false)
      (mode 1)
      (useauxorigin false)
      (hpglpennumber 1)
      (hpglpenspeed 20)
      (hpglpendiameter 15.000000)
      (psnegative false)
      (psa4output false)
      (plotreference true)
      (plotvalue true)
      (plotinvisibletext false)
      (padsonsilk false)
      (subtractmaskfromsilk false)
      (outputformat 1)
      (mirror false)
      (drillshape 1)
      (scaleselection 1)
      (outputdirectory ""))
  )

  (net 0 "")
  (net 1 GND)
  (net 2 "Net-(C1-Pad1)")
  (net 3 "Net-(C2-Pad2)")
  (net 4 "/Gerenciamento de Bateria/Vusb")
  (net 5 "/Gerenciamento de Bateria/Vext_dc")
  (net 6 "/Gerenciamento de Bateria/SW")
  (net 7 "/Gerenciamento de Bateria/BOOT")
  (net 8 "/Gerenciamento de Bateria/VBAT")
  (net 9 /Reguladores/Vin)
  (net 10 +5V)
  (net 11 +3V3)
  (net 12 "Net-(D1-Pad1)")
  (net 13 "/Gerenciamento de Bateria/VDRV")
  (net 14 /I6)
  (net 15 /I7)
  (net 16 /I3)
  (net 17 /I2)
  (net 18 /I10)
  (net 19 /I11)
  (net 20 /I9)
  (net 21 /I8)
  (net 22 /I1)
  (net 23 /I0)
  (net 24 /I5)
  (net 25 /I4)
  (net 26 /9Vin)
  (net 27 "/Gerenciamento de Bateria/BQ_SDA")
  (net 28 "/Gerenciamento de Bateria/BQ_SCL")
  (net 29 "/Gerenciamento de Bateria/BQ_INT")
  (net 30 /Sensores/DHT_OUT)
  (net 31 /S0)
  (net 32 /S1)
  (net 33 /S2)
  (net 34 /AD_SDA)
  (net 35 /AD_SCL)
  (net 36 /AD_ALERT)
  (net 37 /S3)
  (net 38 "/Gerenciamento de Bateria/STAT")
  (net 39 "/Gerenciamento de Bateria/BAT_NTC")
  (net 40 /ADS1115+MUX/AIN0)
  (net 41 AIN1)
  (net 42 /RASP_SDA0)
  (net 43 /RASP_SCL0)
  (net 44 /RASP_INT0)

  (net_class Default "This is the default net class."
    (clearance 0.2)
    (trace_width 0.25)
    (via_dia 0.8)
    (via_drill 0.4)
    (uvia_dia 0.3)
    (uvia_drill 0.1)
    (add_net +3V3)
    (add_net +5V)
    (add_net /9Vin)
    (add_net /ADS1115+MUX/AIN0)
    (add_net /AD_ALERT)
    (add_net /AD_SCL)
    (add_net /AD_SDA)
    (add_net "/Gerenciamento de Bateria/BAT_NTC")
    (add_net "/Gerenciamento de Bateria/BOOT")
    (add_net "/Gerenciamento de Bateria/BQ_INT")
    (add_net "/Gerenciamento de Bateria/BQ_SCL")
    (add_net "/Gerenciamento de Bateria/BQ_SDA")
    (add_net "/Gerenciamento de Bateria/STAT")
    (add_net "/Gerenciamento de Bateria/SW")
    (add_net "/Gerenciamento de Bateria/VBAT")
    (add_net "/Gerenciamento de Bateria/VDRV")
    (add_net "/Gerenciamento de Bateria/Vext_dc")
    (add_net "/Gerenciamento de Bateria/Vusb")
    (add_net /I0)
    (add_net /I1)
    (add_net /I10)
    (add_net /I11)
    (add_net /I2)
    (add_net /I3)
    (add_net /I4)
    (add_net /I5)
    (add_net /I6)
    (add_net /I7)
    (add_net /I8)
    (add_net /I9)
    (add_net /RASP_INT0)
    (add_net /RASP_SCL0)
    (add_net /RASP_SDA0)
    (add_net /Reguladores/Vin)
    (add_net /S0)
    (add_net /S1)
    (add_net /S2)
    (add_net /S3)
    (add_net /Sensores/DHT_OUT)
    (add_net AIN1)
    (add_net GND)
    (add_net "Net-(C1-Pad1)")
    (add_net "Net-(C2-Pad2)")
    (add_net "Net-(D1-Pad1)")
  )

  (module lib_logos:logo_big_neg (layer F.Cu) (tedit 0) (tstamp 61CF6B45)
    (at 43 67)
    (fp_text reference G*** (at 0 0) (layer F.SilkS) hide
      (effects (font (size 1.524 1.524) (thickness 0.3)))
    )
    (fp_text value LOGO (at 0.75 0) (layer F.SilkS) hide
      (effects (font (size 1.524 1.524) (thickness 0.3)))
    )
    (fp_poly (pts (xy 4.781039 -7.061083) (xy 5.340116 -6.829435) (xy 5.806238 -6.51771) (xy 6.396451 -5.87774)
      (xy 6.942156 -4.966148) (xy 7.399111 -3.890597) (xy 7.723075 -2.758754) (xy 7.869807 -1.678285)
      (xy 7.874 -1.485583) (xy 7.780538 -1.025822) (xy 7.565485 -0.694523) (xy 7.4295 -0.635)
      (xy 7.224515 -0.770752) (xy 7.1374 -0.889) (xy 7.007693 -1.303992) (xy 6.98221 -1.576917)
      (xy 6.916885 -2.102795) (xy 6.755151 -2.817554) (xy 6.541101 -3.557411) (xy 6.31883 -4.158579)
      (xy 6.247766 -4.304968) (xy 5.826467 -4.855152) (xy 5.247847 -5.313355) (xy 4.608293 -5.607899)
      (xy 4.439372 -5.649734) (xy 4.029386 -5.775865) (xy 3.809866 -5.97951) (xy 3.733994 -6.204002)
      (xy 3.740008 -6.674112) (xy 3.942306 -6.977566) (xy 4.302209 -7.108508) (xy 4.781039 -7.061083)) (layer F.SilkS) (width 0.01))
    (fp_poly (pts (xy 4.708781 -5.040031) (xy 5.165732 -4.818404) (xy 5.607036 -4.425355) (xy 5.787702 -4.191473)
      (xy 6.208201 -3.424816) (xy 6.500733 -2.585584) (xy 6.642521 -1.77132) (xy 6.610784 -1.079571)
      (xy 6.557876 -0.893526) (xy 6.37256 -0.687998) (xy 6.117244 -0.642416) (xy 5.933589 -0.779218)
      (xy 5.927929 -0.79375) (xy 5.864602 -1.094757) (xy 5.787572 -1.607857) (xy 5.783253 -1.641104)
      (xy 5.603633 -2.349173) (xy 5.292937 -2.987788) (xy 4.921429 -3.442039) (xy 4.586504 -3.598334)
      (xy 4.189684 -3.724248) (xy 3.915063 -4.049879) (xy 3.823887 -4.49706) (xy 3.829237 -4.564824)
      (xy 3.982013 -4.924397) (xy 4.294701 -5.079081) (xy 4.708781 -5.040031)) (layer F.SilkS) (width 0.01))
    (fp_poly (pts (xy 4.76603 -3.01094) (xy 5.082964 -2.590657) (xy 5.318685 -2.021998) (xy 5.434254 -1.412808)
      (xy 5.390733 -0.870934) (xy 5.3086 -0.677334) (xy 5.104249 -0.446239) (xy 4.906123 -0.554728)
      (xy 4.771571 -0.755953) (xy 4.62547 -0.954756) (xy 4.576287 -0.811616) (xy 4.572 -0.556289)
      (xy 4.479951 -0.09585) (xy 4.263111 0.350418) (xy 4.010437 0.615628) (xy 3.937 0.635)
      (xy 3.791703 0.52632) (xy 3.584258 0.305497) (xy 3.357969 -0.154861) (xy 3.297643 -0.713892)
      (xy 3.386789 -1.240892) (xy 3.608913 -1.605159) (xy 3.737891 -1.655135) (xy 4.202684 -1.655135)
      (xy 4.293672 -1.508184) (xy 4.318 -1.481667) (xy 4.509102 -1.296844) (xy 4.568007 -1.351811)
      (xy 4.572 -1.481667) (xy 4.467284 -1.659569) (xy 4.34975 -1.690093) (xy 4.202684 -1.655135)
      (xy 3.737891 -1.655135) (xy 3.836476 -1.693334) (xy 3.990604 -1.747623) (xy 3.955128 -1.984755)
      (xy 3.913967 -2.09948) (xy 3.850727 -2.575634) (xy 3.996547 -2.963501) (xy 4.30655 -3.165154)
      (xy 4.406819 -3.175) (xy 4.76603 -3.01094)) (layer F.SilkS) (width 0.01))
    (fp_poly (pts (xy 6.82479 -0.384711) (xy 7.097392 -0.23408) (xy 7.207273 0.163132) (xy 7.215685 0.264583)
      (xy 7.263784 0.626253) (xy 7.391102 0.795739) (xy 7.67193 0.844724) (xy 7.818935 0.846666)
      (xy 8.16702 0.865813) (xy 8.330628 0.975445) (xy 8.379178 1.253849) (xy 8.382 1.481666)
      (xy 8.365433 1.872137) (xy 8.269778 2.057077) (xy 8.026104 2.113077) (xy 7.8105 2.116666)
      (xy 7.239 2.116666) (xy 7.239 3.2768) (xy 7.250156 3.952608) (xy 7.302098 4.321495)
      (xy 7.422535 4.49931) (xy 7.547334 4.565912) (xy 7.891572 4.616594) (xy 8.103333 4.563881)
      (xy 8.302007 4.558756) (xy 8.40161 4.881753) (xy 8.411817 4.963127) (xy 8.434694 5.403165)
      (xy 8.406151 5.604192) (xy 8.252502 5.664687) (xy 7.92544 5.704934) (xy 7.620971 5.715)
      (xy 7.164873 5.679724) (xy 6.870818 5.544436) (xy 6.649064 5.264944) (xy 6.626137 5.225107)
      (xy 6.462337 4.840661) (xy 6.377635 4.340632) (xy 6.350453 3.584427) (xy 6.35 3.425941)
      (xy 6.35 2.116666) (xy 5.969 2.116666) (xy 5.696068 2.058665) (xy 5.59649 1.816677)
      (xy 5.588 1.604318) (xy 5.653966 1.195056) (xy 5.89543 0.98145) (xy 5.954506 0.957805)
      (xy 6.248747 0.732421) (xy 6.388839 0.253535) (xy 6.397546 0.185859) (xy 6.486186 -0.260338)
      (xy 6.656656 -0.399057) (xy 6.82479 -0.384711)) (layer F.SilkS) (width 0.01))
    (fp_poly (pts (xy 3.39725 0.890679) (xy 4.3815 0.9525) (xy 4.3815 5.609166) (xy 3.967876 5.675602)
      (xy 3.617062 5.634674) (xy 3.480911 5.423495) (xy 3.44991 5.061227) (xy 3.4387 4.415269)
      (xy 3.449642 3.624269) (xy 3.450035 3.610332) (xy 3.4925 2.115712) (xy 2.95275 2.116189)
      (xy 2.614069 2.095357) (xy 2.458394 1.975754) (xy 2.414875 1.67292) (xy 2.413 1.472763)
      (xy 2.413 0.828859) (xy 3.39725 0.890679)) (layer F.SilkS) (width 0.01))
    (fp_poly (pts (xy -7.660268 1.158105) (xy -7.532035 1.289608) (xy -7.335113 1.411994) (xy -7.133984 1.289608)
      (xy -6.664904 1.06353) (xy -6.242633 1.231544) (xy -5.978218 1.616045) (xy -5.842472 1.977046)
      (xy -5.762026 2.425895) (xy -5.723888 3.077505) (xy -5.715 3.944378) (xy -5.715 5.715)
      (xy -6.604 5.715) (xy -6.604 4.139991) (xy -6.620355 3.219442) (xy -6.681278 2.660279)
      (xy -6.804561 2.402917) (xy -7.007997 2.387767) (xy -7.113137 2.434767) (xy -7.244225 2.552539)
      (xy -7.320599 2.79707) (xy -7.356446 3.264131) (xy -7.365952 4.049495) (xy -7.366 4.141763)
      (xy -7.366 5.715) (xy -7.789334 5.715) (xy -8.10314 5.676275) (xy -8.291599 5.582221)
      (xy -8.297334 5.573888) (xy -8.341639 5.29491) (xy -8.369127 4.713502) (xy -8.379632 3.949656)
      (xy -8.372989 3.123366) (xy -8.349035 2.354624) (xy -8.307603 1.763421) (xy -8.302625 1.719791)
      (xy -8.194073 1.230095) (xy -7.997371 1.061975) (xy -7.947025 1.058333) (xy -7.660268 1.158105)) (layer F.SilkS) (width 0.01))
    (fp_poly (pts (xy -9.017 1.058333) (xy -9.761389 1.058333) (xy -10.175766 1.067881) (xy -10.391547 1.125107)
      (xy -10.464124 1.27288) (xy -10.448883 1.55407) (xy -10.445084 1.5875) (xy -10.382944 1.904933)
      (xy -10.244021 2.061751) (xy -9.956368 2.113186) (xy -9.75576 2.116666) (xy -9.383403 2.130311)
      (xy -9.203582 2.211757) (xy -9.154867 2.421768) (xy -9.167315 2.69875) (xy -9.216888 3.058098)
      (xy -9.348673 3.241957) (xy -9.63499 3.324461) (xy -9.797169 3.344423) (xy -10.166512 3.414318)
      (xy -10.355528 3.563575) (xy -10.437761 3.858143) (xy -10.446308 3.926506) (xy -10.465708 4.207184)
      (xy -10.406505 4.36233) (xy -10.215035 4.429121) (xy -9.837634 4.444735) (xy -9.697889 4.445)
      (xy -8.89 4.445) (xy -8.89 5.715) (xy -11.437168 5.715) (xy -11.3665 -0.105834)
      (xy -10.19175 -0.166693) (xy -9.017 -0.227553) (xy -9.017 1.058333)) (layer F.SilkS) (width 0.01))
    (fp_poly (pts (xy -1.249697 -5.554162) (xy -1.234331 -5.271655) (xy -1.322353 -4.771576) (xy -1.38355 -4.539411)
      (xy -1.581242 -3.754807) (xy -1.750172 -2.922914) (xy -1.768393 -2.814208) (xy -2.074637 -1.642341)
      (xy -2.556499 -0.763108) (xy -3.19063 -0.206003) (xy -3.953681 -0.000516) (xy -3.996421 0)
      (xy -4.351883 -0.023744) (xy -4.520371 -0.131796) (xy -4.568311 -0.379386) (xy -4.569211 -0.47625)
      (xy -4.482365 -1.185561) (xy -4.26117 -2.031149) (xy -3.954301 -2.855755) (xy -3.652268 -3.43881)
      (xy -3.443552 -3.794924) (xy -3.426631 -3.904871) (xy -3.512846 -3.845542) (xy -3.953878 -3.311447)
      (xy -4.361852 -2.574602) (xy -4.64952 -1.800418) (xy -4.69607 -1.602299) (xy -4.79525 -0.689124)
      (xy -4.803438 0.451567) (xy -4.729471 1.658028) (xy -4.582187 2.76851) (xy -4.41864 3.475396)
      (xy -4.103938 4.507447) (xy -3.303849 2.755712) (xy -2.929507 1.978598) (xy -2.568826 1.303259)
      (xy -2.272934 0.822014) (xy -2.143538 0.660738) (xy -1.835808 0.225359) (xy -1.635049 -0.27747)
      (xy -1.294716 -1.110531) (xy -0.763431 -1.706003) (xy -0.071661 -2.033719) (xy 0.183137 -2.077596)
      (xy 0.644909 -2.103725) (xy 0.944516 -2.038607) (xy 1.171374 -1.849307) (xy 1.30959 -1.662676)
      (xy 1.527985 -1.315186) (xy 1.572158 -1.071524) (xy 1.45895 -0.756583) (xy 1.407477 -0.644997)
      (xy 1.210065 -0.298187) (xy 1.018658 -0.260131) (xy 0.831303 -0.380414) (xy 0.364107 -0.612087)
      (xy -0.025766 -0.484563) (xy -0.39077 -0.016283) (xy -0.610921 0.410396) (xy -0.72227 0.850463)
      (xy -0.759809 1.475053) (xy -0.762 1.799166) (xy -0.743463 2.539762) (xy -0.66452 3.030284)
      (xy -0.490178 3.441869) (xy -0.39077 3.614615) (xy 0.035151 4.114691) (xy 0.464346 4.193176)
      (xy 0.87348 3.888959) (xy 1.083274 3.684044) (xy 1.243908 3.719734) (xy 1.459309 4.029552)
      (xy 1.495483 4.089593) (xy 1.822488 4.634601) (xy 1.514494 5.065311) (xy 0.94573 5.615385)
      (xy 0.329321 5.807706) (xy -0.28973 5.678691) (xy -0.866422 5.264756) (xy -1.355753 4.602315)
      (xy -1.712721 3.727786) (xy -1.892324 2.677584) (xy -1.905 2.298235) (xy -1.905 1.61954)
      (xy -2.234388 2.132686) (xy -2.477075 2.564186) (xy -2.797386 3.203284) (xy -3.126204 3.912043)
      (xy -3.127888 3.915833) (xy -3.614914 4.978218) (xy -3.979893 5.698668) (xy -4.218854 6.069711)
      (xy -4.29958 6.121622) (xy -4.481234 6.035532) (xy -4.54025 5.99815) (xy -4.672758 5.723355)
      (xy -4.699 5.479658) (xy -4.754299 5.087437) (xy -4.898988 4.461436) (xy -5.09321 3.766387)
      (xy -5.365545 2.691597) (xy -5.487877 1.788632) (xy -5.456198 1.112473) (xy -5.311914 0.765128)
      (xy -5.191497 0.496615) (xy -5.153878 0.019488) (xy -5.174822 -0.574654) (xy -5.196147 -1.324932)
      (xy -5.178598 -1.986026) (xy -5.155774 -2.216359) (xy -4.964473 -2.872553) (xy -4.610919 -3.597184)
      (xy -4.161897 -4.275679) (xy -3.684192 -4.793465) (xy -3.625727 -4.84123) (xy -3.230411 -5.091232)
      (xy -2.74393 -5.31513) (xy -2.234154 -5.492558) (xy -1.768955 -5.603151) (xy -1.416204 -5.626546)
      (xy -1.249697 -5.554162)) (layer F.SilkS) (width 0.01))
    (fp_poly (pts (xy 9.311449 0.846666) (xy 9.532102 0.861017) (xy 9.68508 0.956913) (xy 9.808249 1.21362)
      (xy 9.939472 1.710402) (xy 10.116612 2.526526) (xy 10.118787 2.53677) (xy 10.4775 4.226874)
      (xy 10.804933 2.589687) (xy 10.973422 1.778195) (xy 11.103454 1.285908) (xy 11.231573 1.027574)
      (xy 11.394325 0.917941) (xy 11.535183 0.886172) (xy 11.810669 0.900891) (xy 11.937117 1.026174)
      (xy 11.938 1.040668) (xy 11.892913 1.314424) (xy 11.771988 1.887288) (xy 11.596727 2.667355)
      (xy 11.388633 3.562721) (xy 11.169209 4.48148) (xy 10.959956 5.331728) (xy 10.782378 6.02156)
      (xy 10.715348 6.266441) (xy 10.447571 6.85596) (xy 10.061883 7.300729) (xy 9.644121 7.527146)
      (xy 9.30275 7.4777) (xy 9.178777 7.208346) (xy 9.144 6.875587) (xy 9.209469 6.481144)
      (xy 9.449161 6.317993) (xy 9.48044 6.311142) (xy 9.773844 6.19395) (xy 9.935089 5.948475)
      (xy 9.965614 5.518895) (xy 9.866861 4.849387) (xy 9.640271 3.884127) (xy 9.551859 3.544716)
      (xy 9.266672 2.468413) (xy 9.074092 1.722581) (xy 8.968763 1.247111) (xy 8.94533 0.981894)
      (xy 8.998437 0.866821) (xy 9.122727 0.841781) (xy 9.311449 0.846666)) (layer F.SilkS) (width 0.01))
  )

  (module Connector_Molex:Molex_KK-254_AE-6410-06A_1x06_P2.54mm_Vertical (layer F.Cu) (tedit 5B78013E) (tstamp 61CFD95D)
    (at 207 86 270)
    (descr "Molex KK-254 Interconnect System, old/engineering part number: AE-6410-06A example for new part number: 22-27-2061, 6 Pins (http://www.molex.com/pdm_docs/sd/022272021_sd.pdf), generated with kicad-footprint-generator")
    (tags "connector Molex KK-254 side entry")
    (path /61C25AB3/61C57284)
    (fp_text reference J7 (at 6.35 -4.12 90) (layer F.SilkS)
      (effects (font (size 1 1) (thickness 0.15)))
    )
    (fp_text value Conn_01x06_Male (at 6.35 4.08 90) (layer F.Fab)
      (effects (font (size 1 1) (thickness 0.15)))
    )
    (fp_line (start -1.27 -2.92) (end -1.27 2.88) (layer F.Fab) (width 0.1))
    (fp_line (start -1.27 2.88) (end 13.97 2.88) (layer F.Fab) (width 0.1))
    (fp_line (start 13.97 2.88) (end 13.97 -2.92) (layer F.Fab) (width 0.1))
    (fp_line (start 13.97 -2.92) (end -1.27 -2.92) (layer F.Fab) (width 0.1))
    (fp_line (start -1.38 -3.03) (end -1.38 2.99) (layer F.SilkS) (width 0.12))
    (fp_line (start -1.38 2.99) (end 14.08 2.99) (layer F.SilkS) (width 0.12))
    (fp_line (start 14.08 2.99) (end 14.08 -3.03) (layer F.SilkS) (width 0.12))
    (fp_line (start 14.08 -3.03) (end -1.38 -3.03) (layer F.SilkS) (width 0.12))
    (fp_line (start -1.67 -2) (end -1.67 2) (layer F.SilkS) (width 0.12))
    (fp_line (start -1.27 -0.5) (end -0.562893 0) (layer F.Fab) (width 0.1))
    (fp_line (start -0.562893 0) (end -1.27 0.5) (layer F.Fab) (width 0.1))
    (fp_line (start 0 2.99) (end 0 1.99) (layer F.SilkS) (width 0.12))
    (fp_line (start 0 1.99) (end 12.7 1.99) (layer F.SilkS) (width 0.12))
    (fp_line (start 12.7 1.99) (end 12.7 2.99) (layer F.SilkS) (width 0.12))
    (fp_line (start 0 1.99) (end 0.25 1.46) (layer F.SilkS) (width 0.12))
    (fp_line (start 0.25 1.46) (end 12.45 1.46) (layer F.SilkS) (width 0.12))
    (fp_line (start 12.45 1.46) (end 12.7 1.99) (layer F.SilkS) (width 0.12))
    (fp_line (start 0.25 2.99) (end 0.25 1.99) (layer F.SilkS) (width 0.12))
    (fp_line (start 12.45 2.99) (end 12.45 1.99) (layer F.SilkS) (width 0.12))
    (fp_line (start -0.8 -3.03) (end -0.8 -2.43) (layer F.SilkS) (width 0.12))
    (fp_line (start -0.8 -2.43) (end 0.8 -2.43) (layer F.SilkS) (width 0.12))
    (fp_line (start 0.8 -2.43) (end 0.8 -3.03) (layer F.SilkS) (width 0.12))
    (fp_line (start 1.74 -3.03) (end 1.74 -2.43) (layer F.SilkS) (width 0.12))
    (fp_line (start 1.74 -2.43) (end 3.34 -2.43) (layer F.SilkS) (width 0.12))
    (fp_line (start 3.34 -2.43) (end 3.34 -3.03) (layer F.SilkS) (width 0.12))
    (fp_line (start 4.28 -3.03) (end 4.28 -2.43) (layer F.SilkS) (width 0.12))
    (fp_line (start 4.28 -2.43) (end 5.88 -2.43) (layer F.SilkS) (width 0.12))
    (fp_line (start 5.88 -2.43) (end 5.88 -3.03) (layer F.SilkS) (width 0.12))
    (fp_line (start 6.82 -3.03) (end 6.82 -2.43) (layer F.SilkS) (width 0.12))
    (fp_line (start 6.82 -2.43) (end 8.42 -2.43) (layer F.SilkS) (width 0.12))
    (fp_line (start 8.42 -2.43) (end 8.42 -3.03) (layer F.SilkS) (width 0.12))
    (fp_line (start 9.36 -3.03) (end 9.36 -2.43) (layer F.SilkS) (width 0.12))
    (fp_line (start 9.36 -2.43) (end 10.96 -2.43) (layer F.SilkS) (width 0.12))
    (fp_line (start 10.96 -2.43) (end 10.96 -3.03) (layer F.SilkS) (width 0.12))
    (fp_line (start 11.9 -3.03) (end 11.9 -2.43) (layer F.SilkS) (width 0.12))
    (fp_line (start 11.9 -2.43) (end 13.5 -2.43) (layer F.SilkS) (width 0.12))
    (fp_line (start 13.5 -2.43) (end 13.5 -3.03) (layer F.SilkS) (width 0.12))
    (fp_line (start -1.77 -3.42) (end -1.77 3.38) (layer F.CrtYd) (width 0.05))
    (fp_line (start -1.77 3.38) (end 14.47 3.38) (layer F.CrtYd) (width 0.05))
    (fp_line (start 14.47 3.38) (end 14.47 -3.42) (layer F.CrtYd) (width 0.05))
    (fp_line (start 14.47 -3.42) (end -1.77 -3.42) (layer F.CrtYd) (width 0.05))
    (fp_text user %R (at 6.35 -2.22 90) (layer F.Fab)
      (effects (font (size 1 1) (thickness 0.15)))
    )
    (pad 1 thru_hole roundrect (at 0 0 270) (size 1.74 2.2) (drill 1.2) (layers *.Cu *.Mask) (roundrect_rratio 0.143678)
      (net 10 +5V))
    (pad 2 thru_hole oval (at 2.54 0 270) (size 1.74 2.2) (drill 1.2) (layers *.Cu *.Mask)
      (net 1 GND))
    (pad 3 thru_hole oval (at 5.08 0 270) (size 1.74 2.2) (drill 1.2) (layers *.Cu *.Mask)
      (net 20 /I9))
    (pad 4 thru_hole oval (at 7.62 0 270) (size 1.74 2.2) (drill 1.2) (layers *.Cu *.Mask)
      (net 1 GND))
    (pad 5 thru_hole oval (at 10.16 0 270) (size 1.74 2.2) (drill 1.2) (layers *.Cu *.Mask)
      (net 21 /I8))
    (pad 6 thru_hole oval (at 12.7 0 270) (size 1.74 2.2) (drill 1.2) (layers *.Cu *.Mask)
      (net 1 GND))
    (model ${KISYS3DMOD}/Connector_Molex.3dshapes/Molex_KK-254_AE-6410-06A_1x06_P2.54mm_Vertical.wrl
      (at (xyz 0 0 0))
      (scale (xyz 1 1 1))
      (rotate (xyz 0 0 0))
    )
  )

  (module 22-23-2061:DIP-4_1889_ELL (layer F.Cu) (tedit 61CF36EF) (tstamp 61CC3AA5)
    (at 84 85)
    (path /61C80438/61C62395)
    (fp_text reference U5 (at -14.6 0 90) (layer F.SilkS)
      (effects (font (size 1 1) (thickness 0.15)))
    )
    (fp_text value BUCK_BOOST_BOARD (at 0 0) (layer F.Fab)
      (effects (font (size 1 1) (thickness 0.15)))
    )
    (fp_line (start -13.35 25.25) (end -13.35 -25.25) (layer F.CrtYd) (width 0.05))
    (fp_line (start 13.35 25.25) (end -13.35 25.25) (layer F.CrtYd) (width 0.05))
    (fp_line (start 13.35 -25.25) (end 13.35 25.25) (layer F.CrtYd) (width 0.05))
    (fp_line (start -13.35 -25.25) (end 13.35 -25.25) (layer F.CrtYd) (width 0.05))
    (fp_line (start -13.6 8.5) (end -13.6 25.5) (layer F.SilkS) (width 0.12))
    (fp_line (start -13.24 8.5) (end -13.6 8.5) (layer F.SilkS) (width 0.12))
    (fp_line (start -13.24 -8.5) (end -13.24 8.5) (layer F.SilkS) (width 0.12))
    (fp_line (start -13.6 -8.5) (end -13.24 -8.5) (layer F.SilkS) (width 0.12))
    (fp_line (start -13.599999 -25.5) (end -13.6 -8.5) (layer F.SilkS) (width 0.12))
    (fp_line (start 13.6 -25.5) (end -13.599999 -25.5) (layer F.SilkS) (width 0.12))
    (fp_line (start 13.599999 25.5) (end 13.6 -25.5) (layer F.SilkS) (width 0.12))
    (fp_line (start -13.6 25.5) (end 13.599999 25.5) (layer F.SilkS) (width 0.12))
    (pad 2 thru_hole oval (at 12.5 24) (size 1.2 2) (drill 0.8) (layers *.Cu *.Mask)
      (net 1 GND))
    (pad 4 thru_hole oval (at 12.5 -24) (size 1.2 2) (drill 0.8) (layers *.Cu *.Mask)
      (net 1 GND))
    (pad 1 thru_hole oval (at -12.5 24) (size 1.2 2) (drill 0.8) (layers *.Cu *.Mask)
      (net 9 /Reguladores/Vin))
    (pad 3 thru_hole oval (at -12.5 -24) (size 1.2 2) (drill 0.8) (layers *.Cu *.Mask)
      (net 26 /9Vin))
  )

  (module Capacitor_SMD:C_0805_2012Metric (layer F.Cu) (tedit 5B36C52B) (tstamp 61CC3473)
    (at 45 79 90)
    (descr "Capacitor SMD 0805 (2012 Metric), square (rectangular) end terminal, IPC_7351 nominal, (Body size source: https://docs.google.com/spreadsheets/d/1BsfQQcO9C6DZCsRaXUlFlo91Tg2WpOkGARC1WS5S8t0/edit?usp=sharing), generated with kicad-footprint-generator")
    (tags capacitor)
    (path /61D250D2/61D3542F)
    (attr smd)
    (fp_text reference C1 (at 0 -1.65 90) (layer F.SilkS)
      (effects (font (size 1 1) (thickness 0.15)))
    )
    (fp_text value 4,7uF (at 0 1.65 90) (layer F.Fab)
      (effects (font (size 1 1) (thickness 0.15)))
    )
    (fp_text user %R (at 0 0 90) (layer F.Fab)
      (effects (font (size 0.5 0.5) (thickness 0.08)))
    )
    (fp_line (start 1.68 0.95) (end -1.68 0.95) (layer F.CrtYd) (width 0.05))
    (fp_line (start 1.68 -0.95) (end 1.68 0.95) (layer F.CrtYd) (width 0.05))
    (fp_line (start -1.68 -0.95) (end 1.68 -0.95) (layer F.CrtYd) (width 0.05))
    (fp_line (start -1.68 0.95) (end -1.68 -0.95) (layer F.CrtYd) (width 0.05))
    (fp_line (start -0.258578 0.71) (end 0.258578 0.71) (layer F.SilkS) (width 0.12))
    (fp_line (start -0.258578 -0.71) (end 0.258578 -0.71) (layer F.SilkS) (width 0.12))
    (fp_line (start 1 0.6) (end -1 0.6) (layer F.Fab) (width 0.1))
    (fp_line (start 1 -0.6) (end 1 0.6) (layer F.Fab) (width 0.1))
    (fp_line (start -1 -0.6) (end 1 -0.6) (layer F.Fab) (width 0.1))
    (fp_line (start -1 0.6) (end -1 -0.6) (layer F.Fab) (width 0.1))
    (pad 2 smd roundrect (at 0.9375 0 90) (size 0.975 1.4) (layers F.Cu F.Paste F.Mask) (roundrect_rratio 0.25)
      (net 1 GND))
    (pad 1 smd roundrect (at -0.9375 0 90) (size 0.975 1.4) (layers F.Cu F.Paste F.Mask) (roundrect_rratio 0.25)
      (net 2 "Net-(C1-Pad1)"))
    (model ${KISYS3DMOD}/Capacitor_SMD.3dshapes/C_0805_2012Metric.wrl
      (at (xyz 0 0 0))
      (scale (xyz 1 1 1))
      (rotate (xyz 0 0 0))
    )
  )

  (module Capacitor_SMD:C_0805_2012Metric (layer F.Cu) (tedit 5B36C52B) (tstamp 61CC3484)
    (at 43 94.0625 90)
    (descr "Capacitor SMD 0805 (2012 Metric), square (rectangular) end terminal, IPC_7351 nominal, (Body size source: https://docs.google.com/spreadsheets/d/1BsfQQcO9C6DZCsRaXUlFlo91Tg2WpOkGARC1WS5S8t0/edit?usp=sharing), generated with kicad-footprint-generator")
    (tags capacitor)
    (path /61D250D2/61D35441)
    (attr smd)
    (fp_text reference C2 (at 0 -1.65 90) (layer F.SilkS)
      (effects (font (size 1 1) (thickness 0.15)))
    )
    (fp_text value 4,7uF (at 0 1.65 90) (layer F.Fab)
      (effects (font (size 1 1) (thickness 0.15)))
    )
    (fp_text user %R (at 0 0 90) (layer F.Fab)
      (effects (font (size 0.5 0.5) (thickness 0.08)))
    )
    (fp_line (start 1.68 0.95) (end -1.68 0.95) (layer F.CrtYd) (width 0.05))
    (fp_line (start 1.68 -0.95) (end 1.68 0.95) (layer F.CrtYd) (width 0.05))
    (fp_line (start -1.68 -0.95) (end 1.68 -0.95) (layer F.CrtYd) (width 0.05))
    (fp_line (start -1.68 0.95) (end -1.68 -0.95) (layer F.CrtYd) (width 0.05))
    (fp_line (start -0.258578 0.71) (end 0.258578 0.71) (layer F.SilkS) (width 0.12))
    (fp_line (start -0.258578 -0.71) (end 0.258578 -0.71) (layer F.SilkS) (width 0.12))
    (fp_line (start 1 0.6) (end -1 0.6) (layer F.Fab) (width 0.1))
    (fp_line (start 1 -0.6) (end 1 0.6) (layer F.Fab) (width 0.1))
    (fp_line (start -1 -0.6) (end 1 -0.6) (layer F.Fab) (width 0.1))
    (fp_line (start -1 0.6) (end -1 -0.6) (layer F.Fab) (width 0.1))
    (pad 2 smd roundrect (at 0.9375 0 90) (size 0.975 1.4) (layers F.Cu F.Paste F.Mask) (roundrect_rratio 0.25)
      (net 3 "Net-(C2-Pad2)"))
    (pad 1 smd roundrect (at -0.9375 0 90) (size 0.975 1.4) (layers F.Cu F.Paste F.Mask) (roundrect_rratio 0.25)
      (net 1 GND))
    (model ${KISYS3DMOD}/Capacitor_SMD.3dshapes/C_0805_2012Metric.wrl
      (at (xyz 0 0 0))
      (scale (xyz 1 1 1))
      (rotate (xyz 0 0 0))
    )
  )

  (module Capacitor_SMD:C_0805_2012Metric (layer F.Cu) (tedit 5B36C52B) (tstamp 61CC3495)
    (at 40 90 270)
    (descr "Capacitor SMD 0805 (2012 Metric), square (rectangular) end terminal, IPC_7351 nominal, (Body size source: https://docs.google.com/spreadsheets/d/1BsfQQcO9C6DZCsRaXUlFlo91Tg2WpOkGARC1WS5S8t0/edit?usp=sharing), generated with kicad-footprint-generator")
    (tags capacitor)
    (path /61D250D2/61D35514)
    (attr smd)
    (fp_text reference C3 (at 0 -1.65 90) (layer F.SilkS)
      (effects (font (size 1 1) (thickness 0.15)))
    )
    (fp_text value 1uF (at 0 1.65 90) (layer F.Fab)
      (effects (font (size 1 1) (thickness 0.15)))
    )
    (fp_line (start -1 0.6) (end -1 -0.6) (layer F.Fab) (width 0.1))
    (fp_line (start -1 -0.6) (end 1 -0.6) (layer F.Fab) (width 0.1))
    (fp_line (start 1 -0.6) (end 1 0.6) (layer F.Fab) (width 0.1))
    (fp_line (start 1 0.6) (end -1 0.6) (layer F.Fab) (width 0.1))
    (fp_line (start -0.258578 -0.71) (end 0.258578 -0.71) (layer F.SilkS) (width 0.12))
    (fp_line (start -0.258578 0.71) (end 0.258578 0.71) (layer F.SilkS) (width 0.12))
    (fp_line (start -1.68 0.95) (end -1.68 -0.95) (layer F.CrtYd) (width 0.05))
    (fp_line (start -1.68 -0.95) (end 1.68 -0.95) (layer F.CrtYd) (width 0.05))
    (fp_line (start 1.68 -0.95) (end 1.68 0.95) (layer F.CrtYd) (width 0.05))
    (fp_line (start 1.68 0.95) (end -1.68 0.95) (layer F.CrtYd) (width 0.05))
    (fp_text user %R (at 0 0 90) (layer F.Fab)
      (effects (font (size 0.5 0.5) (thickness 0.08)))
    )
    (pad 1 smd roundrect (at -0.9375 0 270) (size 0.975 1.4) (layers F.Cu F.Paste F.Mask) (roundrect_rratio 0.25)
      (net 4 "/Gerenciamento de Bateria/Vusb"))
    (pad 2 smd roundrect (at 0.9375 0 270) (size 0.975 1.4) (layers F.Cu F.Paste F.Mask) (roundrect_rratio 0.25)
      (net 1 GND))
    (model ${KISYS3DMOD}/Capacitor_SMD.3dshapes/C_0805_2012Metric.wrl
      (at (xyz 0 0 0))
      (scale (xyz 1 1 1))
      (rotate (xyz 0 0 0))
    )
  )

  (module Capacitor_SMD:C_0805_2012Metric (layer F.Cu) (tedit 5B36C52B) (tstamp 61CC34A6)
    (at 39.9375 79 90)
    (descr "Capacitor SMD 0805 (2012 Metric), square (rectangular) end terminal, IPC_7351 nominal, (Body size source: https://docs.google.com/spreadsheets/d/1BsfQQcO9C6DZCsRaXUlFlo91Tg2WpOkGARC1WS5S8t0/edit?usp=sharing), generated with kicad-footprint-generator")
    (tags capacitor)
    (path /61D250D2/61D3550E)
    (attr smd)
    (fp_text reference C4 (at 0 -1.65 90) (layer F.SilkS)
      (effects (font (size 1 1) (thickness 0.15)))
    )
    (fp_text value 1uF (at 0 1.65 90) (layer F.Fab)
      (effects (font (size 1 1) (thickness 0.15)))
    )
    (fp_text user %R (at 0 0 90) (layer F.Fab)
      (effects (font (size 0.5 0.5) (thickness 0.08)))
    )
    (fp_line (start 1.68 0.95) (end -1.68 0.95) (layer F.CrtYd) (width 0.05))
    (fp_line (start 1.68 -0.95) (end 1.68 0.95) (layer F.CrtYd) (width 0.05))
    (fp_line (start -1.68 -0.95) (end 1.68 -0.95) (layer F.CrtYd) (width 0.05))
    (fp_line (start -1.68 0.95) (end -1.68 -0.95) (layer F.CrtYd) (width 0.05))
    (fp_line (start -0.258578 0.71) (end 0.258578 0.71) (layer F.SilkS) (width 0.12))
    (fp_line (start -0.258578 -0.71) (end 0.258578 -0.71) (layer F.SilkS) (width 0.12))
    (fp_line (start 1 0.6) (end -1 0.6) (layer F.Fab) (width 0.1))
    (fp_line (start 1 -0.6) (end 1 0.6) (layer F.Fab) (width 0.1))
    (fp_line (start -1 -0.6) (end 1 -0.6) (layer F.Fab) (width 0.1))
    (fp_line (start -1 0.6) (end -1 -0.6) (layer F.Fab) (width 0.1))
    (pad 2 smd roundrect (at 0.9375 0 90) (size 0.975 1.4) (layers F.Cu F.Paste F.Mask) (roundrect_rratio 0.25)
      (net 1 GND))
    (pad 1 smd roundrect (at -0.9375 0 90) (size 0.975 1.4) (layers F.Cu F.Paste F.Mask) (roundrect_rratio 0.25)
      (net 5 "/Gerenciamento de Bateria/Vext_dc"))
    (model ${KISYS3DMOD}/Capacitor_SMD.3dshapes/C_0805_2012Metric.wrl
      (at (xyz 0 0 0))
      (scale (xyz 1 1 1))
      (rotate (xyz 0 0 0))
    )
  )

  (module Capacitor_SMD:C_0805_2012Metric (layer F.Cu) (tedit 5B36C52B) (tstamp 61CC34B7)
    (at 50.0625 79 180)
    (descr "Capacitor SMD 0805 (2012 Metric), square (rectangular) end terminal, IPC_7351 nominal, (Body size source: https://docs.google.com/spreadsheets/d/1BsfQQcO9C6DZCsRaXUlFlo91Tg2WpOkGARC1WS5S8t0/edit?usp=sharing), generated with kicad-footprint-generator")
    (tags capacitor)
    (path /61D250D2/61D3543B)
    (attr smd)
    (fp_text reference C5 (at 0 -1.65) (layer F.SilkS)
      (effects (font (size 1 1) (thickness 0.15)))
    )
    (fp_text value 0,01uF (at 0 1.65) (layer F.Fab)
      (effects (font (size 1 1) (thickness 0.15)))
    )
    (fp_line (start -1 0.6) (end -1 -0.6) (layer F.Fab) (width 0.1))
    (fp_line (start -1 -0.6) (end 1 -0.6) (layer F.Fab) (width 0.1))
    (fp_line (start 1 -0.6) (end 1 0.6) (layer F.Fab) (width 0.1))
    (fp_line (start 1 0.6) (end -1 0.6) (layer F.Fab) (width 0.1))
    (fp_line (start -0.258578 -0.71) (end 0.258578 -0.71) (layer F.SilkS) (width 0.12))
    (fp_line (start -0.258578 0.71) (end 0.258578 0.71) (layer F.SilkS) (width 0.12))
    (fp_line (start -1.68 0.95) (end -1.68 -0.95) (layer F.CrtYd) (width 0.05))
    (fp_line (start -1.68 -0.95) (end 1.68 -0.95) (layer F.CrtYd) (width 0.05))
    (fp_line (start 1.68 -0.95) (end 1.68 0.95) (layer F.CrtYd) (width 0.05))
    (fp_line (start 1.68 0.95) (end -1.68 0.95) (layer F.CrtYd) (width 0.05))
    (fp_text user %R (at 0 0) (layer F.Fab)
      (effects (font (size 0.5 0.5) (thickness 0.08)))
    )
    (pad 1 smd roundrect (at -0.9375 0 180) (size 0.975 1.4) (layers F.Cu F.Paste F.Mask) (roundrect_rratio 0.25)
      (net 6 "/Gerenciamento de Bateria/SW"))
    (pad 2 smd roundrect (at 0.9375 0 180) (size 0.975 1.4) (layers F.Cu F.Paste F.Mask) (roundrect_rratio 0.25)
      (net 7 "/Gerenciamento de Bateria/BOOT"))
    (model ${KISYS3DMOD}/Capacitor_SMD.3dshapes/C_0805_2012Metric.wrl
      (at (xyz 0 0 0))
      (scale (xyz 1 1 1))
      (rotate (xyz 0 0 0))
    )
  )

  (module Capacitor_SMD:C_0805_2012Metric (layer F.Cu) (tedit 5B36C52B) (tstamp 61CC34C8)
    (at 57 84 90)
    (descr "Capacitor SMD 0805 (2012 Metric), square (rectangular) end terminal, IPC_7351 nominal, (Body size source: https://docs.google.com/spreadsheets/d/1BsfQQcO9C6DZCsRaXUlFlo91Tg2WpOkGARC1WS5S8t0/edit?usp=sharing), generated with kicad-footprint-generator")
    (tags capacitor)
    (path /61D250D2/61D35435)
    (attr smd)
    (fp_text reference C6 (at 0 -1.65 90) (layer F.SilkS)
      (effects (font (size 1 1) (thickness 0.15)))
    )
    (fp_text value 1uF (at 0 1.65 90) (layer F.Fab)
      (effects (font (size 1 1) (thickness 0.15)))
    )
    (fp_text user %R (at 0 0 90) (layer F.Fab)
      (effects (font (size 0.5 0.5) (thickness 0.08)))
    )
    (fp_line (start 1.68 0.95) (end -1.68 0.95) (layer F.CrtYd) (width 0.05))
    (fp_line (start 1.68 -0.95) (end 1.68 0.95) (layer F.CrtYd) (width 0.05))
    (fp_line (start -1.68 -0.95) (end 1.68 -0.95) (layer F.CrtYd) (width 0.05))
    (fp_line (start -1.68 0.95) (end -1.68 -0.95) (layer F.CrtYd) (width 0.05))
    (fp_line (start -0.258578 0.71) (end 0.258578 0.71) (layer F.SilkS) (width 0.12))
    (fp_line (start -0.258578 -0.71) (end 0.258578 -0.71) (layer F.SilkS) (width 0.12))
    (fp_line (start 1 0.6) (end -1 0.6) (layer F.Fab) (width 0.1))
    (fp_line (start 1 -0.6) (end 1 0.6) (layer F.Fab) (width 0.1))
    (fp_line (start -1 -0.6) (end 1 -0.6) (layer F.Fab) (width 0.1))
    (fp_line (start -1 0.6) (end -1 -0.6) (layer F.Fab) (width 0.1))
    (pad 2 smd roundrect (at 0.9375 0 90) (size 0.975 1.4) (layers F.Cu F.Paste F.Mask) (roundrect_rratio 0.25)
      (net 1 GND))
    (pad 1 smd roundrect (at -0.9375 0 90) (size 0.975 1.4) (layers F.Cu F.Paste F.Mask) (roundrect_rratio 0.25)
      (net 8 "/Gerenciamento de Bateria/VBAT"))
    (model ${KISYS3DMOD}/Capacitor_SMD.3dshapes/C_0805_2012Metric.wrl
      (at (xyz 0 0 0))
      (scale (xyz 1 1 1))
      (rotate (xyz 0 0 0))
    )
  )

  (module Capacitor_SMD:C_0805_2012Metric (layer F.Cu) (tedit 5B36C52B) (tstamp 61CC34D9)
    (at 63 83.9375 270)
    (descr "Capacitor SMD 0805 (2012 Metric), square (rectangular) end terminal, IPC_7351 nominal, (Body size source: https://docs.google.com/spreadsheets/d/1BsfQQcO9C6DZCsRaXUlFlo91Tg2WpOkGARC1WS5S8t0/edit?usp=sharing), generated with kicad-footprint-generator")
    (tags capacitor)
    (path /61D250D2/61D35447)
    (attr smd)
    (fp_text reference C7 (at 0 -1.65 90) (layer F.SilkS)
      (effects (font (size 1 1) (thickness 0.15)))
    )
    (fp_text value 1uF (at 0 1.65 90) (layer F.Fab)
      (effects (font (size 1 1) (thickness 0.15)))
    )
    (fp_line (start -1 0.6) (end -1 -0.6) (layer F.Fab) (width 0.1))
    (fp_line (start -1 -0.6) (end 1 -0.6) (layer F.Fab) (width 0.1))
    (fp_line (start 1 -0.6) (end 1 0.6) (layer F.Fab) (width 0.1))
    (fp_line (start 1 0.6) (end -1 0.6) (layer F.Fab) (width 0.1))
    (fp_line (start -0.258578 -0.71) (end 0.258578 -0.71) (layer F.SilkS) (width 0.12))
    (fp_line (start -0.258578 0.71) (end 0.258578 0.71) (layer F.SilkS) (width 0.12))
    (fp_line (start -1.68 0.95) (end -1.68 -0.95) (layer F.CrtYd) (width 0.05))
    (fp_line (start -1.68 -0.95) (end 1.68 -0.95) (layer F.CrtYd) (width 0.05))
    (fp_line (start 1.68 -0.95) (end 1.68 0.95) (layer F.CrtYd) (width 0.05))
    (fp_line (start 1.68 0.95) (end -1.68 0.95) (layer F.CrtYd) (width 0.05))
    (fp_text user %R (at 0 0 90) (layer F.Fab)
      (effects (font (size 0.5 0.5) (thickness 0.08)))
    )
    (pad 1 smd roundrect (at -0.9375 0 270) (size 0.975 1.4) (layers F.Cu F.Paste F.Mask) (roundrect_rratio 0.25)
      (net 9 /Reguladores/Vin))
    (pad 2 smd roundrect (at 0.9375 0 270) (size 0.975 1.4) (layers F.Cu F.Paste F.Mask) (roundrect_rratio 0.25)
      (net 1 GND))
    (model ${KISYS3DMOD}/Capacitor_SMD.3dshapes/C_0805_2012Metric.wrl
      (at (xyz 0 0 0))
      (scale (xyz 1 1 1))
      (rotate (xyz 0 0 0))
    )
  )

  (module Capacitor_SMD:C_0805_2012Metric (layer F.Cu) (tedit 5B36C52B) (tstamp 61CC34EA)
    (at 164.25 76.5)
    (descr "Capacitor SMD 0805 (2012 Metric), square (rectangular) end terminal, IPC_7351 nominal, (Body size source: https://docs.google.com/spreadsheets/d/1BsfQQcO9C6DZCsRaXUlFlo91Tg2WpOkGARC1WS5S8t0/edit?usp=sharing), generated with kicad-footprint-generator")
    (tags capacitor)
    (path /61BD7BC2/61BDB9A1)
    (attr smd)
    (fp_text reference C8 (at 0 -1.65) (layer F.SilkS)
      (effects (font (size 1 1) (thickness 0.15)))
    )
    (fp_text value 1uF (at 0 1.65) (layer F.Fab)
      (effects (font (size 1 1) (thickness 0.15)))
    )
    (fp_line (start -1 0.6) (end -1 -0.6) (layer F.Fab) (width 0.1))
    (fp_line (start -1 -0.6) (end 1 -0.6) (layer F.Fab) (width 0.1))
    (fp_line (start 1 -0.6) (end 1 0.6) (layer F.Fab) (width 0.1))
    (fp_line (start 1 0.6) (end -1 0.6) (layer F.Fab) (width 0.1))
    (fp_line (start -0.258578 -0.71) (end 0.258578 -0.71) (layer F.SilkS) (width 0.12))
    (fp_line (start -0.258578 0.71) (end 0.258578 0.71) (layer F.SilkS) (width 0.12))
    (fp_line (start -1.68 0.95) (end -1.68 -0.95) (layer F.CrtYd) (width 0.05))
    (fp_line (start -1.68 -0.95) (end 1.68 -0.95) (layer F.CrtYd) (width 0.05))
    (fp_line (start 1.68 -0.95) (end 1.68 0.95) (layer F.CrtYd) (width 0.05))
    (fp_line (start 1.68 0.95) (end -1.68 0.95) (layer F.CrtYd) (width 0.05))
    (fp_text user %R (at 0 0) (layer F.Fab)
      (effects (font (size 0.5 0.5) (thickness 0.08)))
    )
    (pad 1 smd roundrect (at -0.9375 0) (size 0.975 1.4) (layers F.Cu F.Paste F.Mask) (roundrect_rratio 0.25)
      (net 10 +5V))
    (pad 2 smd roundrect (at 0.9375 0) (size 0.975 1.4) (layers F.Cu F.Paste F.Mask) (roundrect_rratio 0.25)
      (net 1 GND))
    (model ${KISYS3DMOD}/Capacitor_SMD.3dshapes/C_0805_2012Metric.wrl
      (at (xyz 0 0 0))
      (scale (xyz 1 1 1))
      (rotate (xyz 0 0 0))
    )
  )

  (module Capacitor_THT:CP_Radial_D4.0mm_P1.50mm (layer F.Cu) (tedit 5AE50EF0) (tstamp 61CC3555)
    (at 105.25 82.75)
    (descr "CP, Radial series, Radial, pin pitch=1.50mm, , diameter=4mm, Electrolytic Capacitor")
    (tags "CP Radial series Radial pin pitch 1.50mm  diameter 4mm Electrolytic Capacitor")
    (path /61C80438/61C80ED7)
    (fp_text reference C9 (at 0.75 -3.25) (layer F.SilkS)
      (effects (font (size 1 1) (thickness 0.15)))
    )
    (fp_text value 0,33uF (at 0.75 3.25) (layer F.Fab)
      (effects (font (size 1 1) (thickness 0.15)))
    )
    (fp_circle (center 0.75 0) (end 2.75 0) (layer F.Fab) (width 0.1))
    (fp_circle (center 0.75 0) (end 2.87 0) (layer F.SilkS) (width 0.12))
    (fp_circle (center 0.75 0) (end 3 0) (layer F.CrtYd) (width 0.05))
    (fp_line (start -0.952554 -0.8675) (end -0.552554 -0.8675) (layer F.Fab) (width 0.1))
    (fp_line (start -0.752554 -1.0675) (end -0.752554 -0.6675) (layer F.Fab) (width 0.1))
    (fp_line (start 0.75 0.84) (end 0.75 2.08) (layer F.SilkS) (width 0.12))
    (fp_line (start 0.75 -2.08) (end 0.75 -0.84) (layer F.SilkS) (width 0.12))
    (fp_line (start 0.79 0.84) (end 0.79 2.08) (layer F.SilkS) (width 0.12))
    (fp_line (start 0.79 -2.08) (end 0.79 -0.84) (layer F.SilkS) (width 0.12))
    (fp_line (start 0.83 0.84) (end 0.83 2.079) (layer F.SilkS) (width 0.12))
    (fp_line (start 0.83 -2.079) (end 0.83 -0.84) (layer F.SilkS) (width 0.12))
    (fp_line (start 0.87 -2.077) (end 0.87 -0.84) (layer F.SilkS) (width 0.12))
    (fp_line (start 0.87 0.84) (end 0.87 2.077) (layer F.SilkS) (width 0.12))
    (fp_line (start 0.91 -2.074) (end 0.91 -0.84) (layer F.SilkS) (width 0.12))
    (fp_line (start 0.91 0.84) (end 0.91 2.074) (layer F.SilkS) (width 0.12))
