(kicad_pcb (version 20171130) (host pcbnew "(5.1.5)-3")

  (general
    (thickness 1.6)
    (drawings 7)
    (tracks 607)
    (zones 0)
    (modules 109)
    (nets 68)
  )

  (page A4)
  (layers
    (0 F.Cu signal)
    (1 GND signal)
    (2 PWR signal)
    (31 B.Cu signal)
    (32 B.Adhes user)
    (33 F.Adhes user hide)
    (34 B.Paste user)
    (35 F.Paste user)
    (36 B.SilkS user)
    (37 F.SilkS user)
    (38 B.Mask user)
    (39 F.Mask user hide)
    (40 Dwgs.User user)
    (41 Cmts.User user)
    (42 Eco1.User user)
    (43 Eco2.User user)
    (44 Edge.Cuts user)
    (45 Margin user)
    (46 B.CrtYd user)
    (47 F.CrtYd user)
    (48 B.Fab user)
    (49 F.Fab user hide)
  )

  (setup
    (last_trace_width 0.5)
    (user_trace_width 0.5)
    (user_trace_width 1)
    (trace_clearance 0.2)
    (zone_clearance 0.254)
    (zone_45_only no)
    (trace_min 0.2)
    (via_size 0.8)
    (via_drill 0.4)
    (via_min_size 0.4)
    (via_min_drill 0.3)
    (uvia_size 0.3)
    (uvia_drill 0.1)
    (uvias_allowed no)
    (uvia_min_size 0.2)
    (uvia_min_drill 0.1)
    (edge_width 0.05)
    (segment_width 0.2)
    (pcb_text_width 0.3)
    (pcb_text_size 1.5 1.5)
    (mod_edge_width 0.1)
    (mod_text_size 0.75 0.75)
    (mod_text_width 0.1)
    (pad_size 1.1 0.25)
    (pad_drill 0)
    (pad_to_mask_clearance 0.051)
    (solder_mask_min_width 0.25)
    (aux_axis_origin 0 0)
    (grid_origin 149.5 116)
    (visible_elements 7FFFFFFF)
    (pcbplotparams
      (layerselection 0x010fc_ffffffff)
      (usegerberextensions false)
      (usegerberattributes false)
      (usegerberadvancedattributes false)
      (creategerberjobfile false)
      (excludeedgelayer true)
      (linewidth 0.100000)
      (plotframeref false)
      (viasonmask false)
      (mode 1)
      (useauxorigin false)
      (hpglpennumber 1)
      (hpglpenspeed 20)
      (hpglpendiameter 15.000000)
      (psnegative false)
      (psa4output false)
      (plotreference true)
      (plotvalue true)
      (plotinvisibletext false)
      (padsonsilk false)
      (subtractmaskfromsilk false)
      (outputformat 1)
      (mirror false)
      (drillshape 1)
      (scaleselection 1)
      (outputdirectory ""))
  )

  (net 0 "")
  (net 1 "Net-(BT1-Pad1)")
  (net 2 GND)
  (net 3 +5V)
  (net 4 +3V3)
  (net 5 Vsolar_protected)
  (net 6 Vsolar_reg)
  (net 7 Vbat_protected)
  (net 8 +9V)
  (net 9 Vsys)
  (net 10 Vusb)
  (net 11 "Net-(D2-Pad2)")
  (net 12 "Net-(D3-Pad2)")
  (net 13 Vsolar)
  (net 14 "Net-(D5-Pad2)")
  (net 15 Vbat)
  (net 16 "Net-(D7-Pad1)")
  (net 17 "Net-(D8-Pad1)")
  (net 18 "Net-(D9-Pad1)")
  (net 19 "Net-(D10-Pad2)")
  (net 20 "Net-(D12-Pad2)")
  (net 21 "Net-(D14-Pad2)")
  (net 22 "Net-(F1-Pad1)")
  (net 23 Vusb_protected)
  (net 24 "Net-(IC1-Pad1)")
  (net 25 "Net-(IC1-Pad2)")
  (net 26 /CC1)
  (net 27 /CC2)
  (net 28 /I0)
  (net 29 /I1)
  (net 30 /I3)
  (net 31 /I2)
  (net 32 /I12)
  (net 33 /I5)
  (net 34 /I6)
  (net 35 /I7)
  (net 36 /ADS_SDA)
  (net 37 /ADS_SCL)
  (net 38 "Net-(J12-Pad2)")
  (net 39 "Net-(J13-Pad2)")
  (net 40 /SD_MISO)
  (net 41 /SD_CLK)
  (net 42 /SD_MOSI)
  (net 43 /SD_CS)
  (net 44 Vexternal)
  (net 45 "Net-(Q1-Pad1)")
  (net 46 "Net-(Q2-Pad1)")
  (net 47 "Net-(Q3-Pad3)")
  (net 48 "Net-(Q5-Pad1)")
  (net 49 "Net-(Q6-Pad3)")
  (net 50 "Net-(Q11-Pad3)")
  (net 51 "Net-(Q10-Pad3)")
  (net 52 /FAN1)
  (net 53 /ADS_ALERT)
  (net 54 /S0)
  (net 55 /S1)
  (net 56 /S2)
  (net 57 /S3)
  (net 58 "Net-(R22-Pad2)")
  (net 59 "Net-(R23-Pad2)")
  (net 60 "Net-(R24-Pad1)")
  (net 61 /AIN0)
  (net 62 /BST_SW_5V)
  (net 63 /BST_FB_5V)
  (net 64 /BST_SW_9V)
  (net 65 /BST_FB_9V)
  (net 66 /I11)
  (net 67 /DHT11)

  (net_class Default "This is the default net class."
    (clearance 0.2)
    (trace_width 0.25)
    (via_dia 0.8)
    (via_drill 0.4)
    (uvia_dia 0.3)
    (uvia_drill 0.1)
    (add_net +3V3)
    (add_net +5V)
    (add_net +9V)
    (add_net /ADS_ALERT)
    (add_net /ADS_SCL)
    (add_net /ADS_SDA)
    (add_net /AIN0)
    (add_net /AIN1)
    (add_net /AIN2)
    (add_net /AIN3)
    (add_net /BST_FB_5V)
    (add_net /BST_FB_9V)
    (add_net /BST_SW_5V)
    (add_net /BST_SW_9V)
    (add_net /CC1)
    (add_net /CC2)
    (add_net /DHT11)
    (add_net /FAN1)
    (add_net /I0)
    (add_net /I1)
    (add_net /I10)
    (add_net /I11)
    (add_net /I12)
    (add_net /I13)
    (add_net /I14)
    (add_net /I15)
    (add_net /I2)
    (add_net /I3)
    (add_net /I4)
    (add_net /I5)
    (add_net /I6)
    (add_net /I7)
    (add_net /I8)
    (add_net /I9)
    (add_net /LORA_DIO0)
    (add_net /LORA_DIO1)
    (add_net /LORA_DIO2)
    (add_net /LORA_MISO)
    (add_net /LORA_MOSI)
    (add_net /LORA_RST)
    (add_net /S0)
    (add_net /S1)
    (add_net /S2)
    (add_net /S3)
    (add_net /SD_CLK)
    (add_net /SD_CS)
    (add_net /SD_Data1)
    (add_net /SD_Data2)
    (add_net /SD_MISO)
    (add_net /SD_MOSI)
    (add_net GND)
    (add_net "Net-(BT1-Pad1)")
    (add_net "Net-(D10-Pad2)")
    (add_net "Net-(D11-Pad2)")
    (add_net "Net-(D12-Pad2)")
    (add_net "Net-(D13-Pad2)")
    (add_net "Net-(D14-Pad2)")
    (add_net "Net-(D2-Pad2)")
    (add_net "Net-(D3-Pad2)")
    (add_net "Net-(D5-Pad2)")
    (add_net "Net-(D7-Pad1)")
    (add_net "Net-(D8-Pad1)")
    (add_net "Net-(D9-Pad1)")
    (add_net "Net-(F1-Pad1)")
    (add_net "Net-(IC1-Pad1)")
    (add_net "Net-(IC1-Pad2)")
    (add_net "Net-(IC1-Pad7)")
    (add_net "Net-(J1-PadMH1)")
    (add_net "Net-(J1-PadMH2)")
    (add_net "Net-(J1-PadMH3)")
    (add_net "Net-(J1-PadMH4)")
    (add_net "Net-(J12-Pad2)")
    (add_net "Net-(J13-Pad2)")
    (add_net "Net-(Q1-Pad1)")
    (add_net "Net-(Q10-Pad3)")
    (add_net "Net-(Q11-Pad3)")
    (add_net "Net-(Q2-Pad1)")
    (add_net "Net-(Q3-Pad3)")
    (add_net "Net-(Q5-Pad1)")
    (add_net "Net-(Q6-Pad3)")
    (add_net "Net-(R22-Pad2)")
    (add_net "Net-(R23-Pad2)")
    (add_net "Net-(R24-Pad1)")
    (add_net "Net-(U3-Pad12)")
    (add_net "Net-(U3-Pad13)")
    (add_net "Net-(U3-Pad18)")
    (add_net "Net-(U3-Pad3)")
    (add_net "Net-(U3-Pad31)")
    (add_net "Net-(U3-Pad32)")
    (add_net "Net-(U3-Pad33)")
    (add_net "Net-(U3-Pad4)")
    (add_net "Net-(U3-Pad5)")
    (add_net "Net-(U3-Pad6)")
    (add_net "Net-(U3-Pad7)")
    (add_net "Net-(U3-Pad8)")
    (add_net "Net-(U8-Pad3)")
    (add_net Vbat)
    (add_net Vbat_protected)
    (add_net Vexternal)
    (add_net Vsolar)
    (add_net Vsolar_protected)
    (add_net Vsolar_reg)
    (add_net Vsys)
    (add_net Vusb)
    (add_net Vusb_protected)
  )

  (module Sensor:Aosong_DHT11_5.5x12.0_P2.54mm (layer F.Cu) (tedit 5C4B60CF) (tstamp 63DCC44B)
    (at 151.5 155.25 90)
    (descr "Temperature and humidity module, http://akizukidenshi.com/download/ds/aosong/DHT11.pdf")
    (tags "Temperature and humidity module")
    (path /6415422B)
    (fp_text reference U8 (at -1 -3.5 90) (layer F.SilkS)
      (effects (font (size 1 1) (thickness 0.15)))
    )
    (fp_text value DHT11 (at 0 11.3 90) (layer F.Fab)
      (effects (font (size 1 1) (thickness 0.15)))
    )
    (fp_line (start -3.16 -2.6) (end -1.55 -2.6) (layer F.SilkS) (width 0.12))
    (fp_line (start -3.16 -2.6) (end -3.16 -0.6) (layer F.SilkS) (width 0.12))
    (fp_line (start -2.75 -1.19) (end -1.75 -2.19) (layer F.Fab) (width 0.1))
    (fp_line (start -3 10.06) (end -3 -2.44) (layer F.CrtYd) (width 0.05))
    (fp_line (start 3 10.06) (end -3 10.06) (layer F.CrtYd) (width 0.05))
    (fp_line (start 3 -2.44) (end 3 10.06) (layer F.CrtYd) (width 0.05))
    (fp_line (start -3 -2.44) (end 3 -2.44) (layer F.CrtYd) (width 0.05))
    (fp_text user %R (at 0 3.81 90) (layer F.Fab)
      (effects (font (size 1 1) (thickness 0.15)))
    )
    (fp_line (start -2.88 9.94) (end -2.88 -2.31) (layer F.SilkS) (width 0.12))
    (fp_line (start 2.88 9.94) (end -2.88 9.94) (layer F.SilkS) (width 0.12))
    (fp_line (start 2.88 -2.32) (end 2.88 9.94) (layer F.SilkS) (width 0.12))
    (fp_line (start -2.87 -2.32) (end 2.87 -2.32) (layer F.SilkS) (width 0.12))
    (fp_line (start -2.75 -1.19) (end -2.75 9.81) (layer F.Fab) (width 0.1))
    (fp_line (start 2.75 9.81) (end -2.75 9.81) (layer F.Fab) (width 0.1))
    (fp_line (start 2.75 -2.19) (end 2.75 9.81) (layer F.Fab) (width 0.1))
    (fp_line (start -1.75 -2.19) (end 2.75 -2.19) (layer F.Fab) (width 0.1))
    (pad 4 thru_hole circle (at 0 7.62 90) (size 1.5 1.5) (drill 0.8) (layers *.Cu *.Mask)
      (net 2 GND))
    (pad 3 thru_hole circle (at 0 5.08 90) (size 1.5 1.5) (drill 0.8) (layers *.Cu *.Mask))
    (pad 2 thru_hole circle (at 0 2.54 90) (size 1.5 1.5) (drill 0.8) (layers *.Cu *.Mask)
      (net 67 /DHT11))
    (pad 1 thru_hole rect (at 0 0 90) (size 1.5 1.5) (drill 0.8) (layers *.Cu *.Mask)
      (net 3 +5V))
    (model ${KISYS3DMOD}/Sensor.3dshapes/Aosong_DHT11_5.5x12.0_P2.54mm.wrl
      (at (xyz 0 0 0))
      (scale (xyz 1 1 1))
      (rotate (xyz 0 0 0))
    )
  )

  (module TP4056:SOP127P600X175-9N (layer F.Cu) (tedit 63C1C1FD) (tstamp 63D59D41)
    (at 126.5 96.5 270)
    (path /63D1FE16)
    (fp_text reference U5 (at -0.795 -3.362 90) (layer F.SilkS)
      (effects (font (size 0.75 0.75) (thickness 0.1)))
    )
    (fp_text value TP4056 (at 6.825 3.362 90) (layer F.Fab)
      (effects (font (size 1 1) (thickness 0.15)))
    )
    (fp_poly (pts (xy -0.645 -0.82) (xy 0.645 -0.82) (xy 0.645 0.82) (xy -0.645 0.82)) (layer F.Paste) (width 0.01))
    (fp_circle (center -4.445 -2.505) (end -4.345 -2.505) (layer F.SilkS) (width 0.2))
    (fp_circle (center -4.445 -2.505) (end -4.345 -2.505) (layer F.Fab) (width 0.2))
    (fp_line (start -2 -2.55) (end 2 -2.55) (layer F.Fab) (width 0.127))
    (fp_line (start -2 2.55) (end 2 2.55) (layer F.Fab) (width 0.127))
    (fp_line (start -2 -2.55) (end 2 -2.55) (layer F.SilkS) (width 0.127))
    (fp_line (start -2 2.55) (end 2 2.55) (layer F.SilkS) (width 0.127))
    (fp_line (start -2 -2.55) (end -2 2.55) (layer F.Fab) (width 0.127))
    (fp_line (start 2 -2.55) (end 2 2.55) (layer F.Fab) (width 0.127))
    (fp_line (start -3.71 -2.8) (end 3.71 -2.8) (layer F.CrtYd) (width 0.05))
    (fp_line (start -3.71 2.8) (end 3.71 2.8) (layer F.CrtYd) (width 0.05))
    (fp_line (start -3.71 -2.8) (end -3.71 2.8) (layer F.CrtYd) (width 0.05))
    (fp_line (start 3.71 -2.8) (end 3.71 2.8) (layer F.CrtYd) (width 0.05))
    (pad 1 smd roundrect (at -2.475 -1.905 270) (size 1.97 0.6) (layers F.Cu F.Paste F.Mask) (roundrect_rratio 0.07000000000000001)
      (net 2 GND))
    (pad 2 smd roundrect (at -2.475 -0.635 270) (size 1.97 0.6) (layers F.Cu F.Paste F.Mask) (roundrect_rratio 0.07000000000000001)
      (net 60 "Net-(R24-Pad1)"))
    (pad 3 smd roundrect (at -2.475 0.635 270) (size 1.97 0.6) (layers F.Cu F.Paste F.Mask) (roundrect_rratio 0.07000000000000001)
      (net 2 GND))
    (pad 4 smd roundrect (at -2.475 1.905 270) (size 1.97 0.6) (layers F.Cu F.Paste F.Mask) (roundrect_rratio 0.07000000000000001)
      (net 3 +5V))
    (pad 5 smd roundrect (at 2.475 1.905 270) (size 1.97 0.6) (layers F.Cu F.Paste F.Mask) (roundrect_rratio 0.07000000000000001)
      (net 15 Vbat))
    (pad 6 smd roundrect (at 2.475 0.635 270) (size 1.97 0.6) (layers F.Cu F.Paste F.Mask) (roundrect_rratio 0.07000000000000001)
      (net 58 "Net-(R22-Pad2)"))
    (pad 7 smd roundrect (at 2.475 -0.635 270) (size 1.97 0.6) (layers F.Cu F.Paste F.Mask) (roundrect_rratio 0.07000000000000001)
      (net 59 "Net-(R23-Pad2)"))
    (pad 8 smd roundrect (at 2.475 -1.905 270) (size 1.97 0.6) (layers F.Cu F.Paste F.Mask) (roundrect_rratio 0.07000000000000001)
      (net 44 Vexternal))
    (pad 9 smd rect (at 0 0 270) (size 2.413 3.302) (layers F.Cu F.Mask)
      (net 2 GND))
    (model C:/Users/maruzka/Downloads/TP4056/TP4056.step
      (at (xyz 0 0 0))
      (scale (xyz 1 1 1))
      (rotate (xyz -90 0 0))
    )
  )

  (module Capacitor_SMD:C_0805_2012Metric_Pad1.15x1.40mm_HandSolder (layer F.Cu) (tedit 5B36C52B) (tstamp 63D593F5)
    (at 192.5 130.25)
    (descr "Capacitor SMD 0805 (2012 Metric), square (rectangular) end terminal, IPC_7351 nominal with elongated pad for handsoldering. (Body size source: https://docs.google.com/spreadsheets/d/1BsfQQcO9C6DZCsRaXUlFlo91Tg2WpOkGARC1WS5S8t0/edit?usp=sharing), generated with kicad-footprint-generator")
    (tags "capacitor handsolder")
    (path /63D485E4)
    (attr smd)
    (fp_text reference C2 (at 0 -1.65) (layer F.SilkS)
      (effects (font (size 0.75 0.75) (thickness 0.1)))
    )
    (fp_text value 100nF (at 0 1.65) (layer F.Fab)
      (effects (font (size 1 1) (thickness 0.15)))
    )
    (fp_line (start -1 0.6) (end -1 -0.6) (layer F.Fab) (width 0.1))
    (fp_line (start -1 -0.6) (end 1 -0.6) (layer F.Fab) (width 0.1))
    (fp_line (start 1 -0.6) (end 1 0.6) (layer F.Fab) (width 0.1))
    (fp_line (start 1 0.6) (end -1 0.6) (layer F.Fab) (width 0.1))
    (fp_line (start -0.261252 -0.71) (end 0.261252 -0.71) (layer F.SilkS) (width 0.12))
    (fp_line (start -0.261252 0.71) (end 0.261252 0.71) (layer F.SilkS) (width 0.12))
    (fp_line (start -1.85 0.95) (end -1.85 -0.95) (layer F.CrtYd) (width 0.05))
    (fp_line (start -1.85 -0.95) (end 1.85 -0.95) (layer F.CrtYd) (width 0.05))
    (fp_line (start 1.85 -0.95) (end 1.85 0.95) (layer F.CrtYd) (width 0.05))
    (fp_line (start 1.85 0.95) (end -1.85 0.95) (layer F.CrtYd) (width 0.05))
    (fp_text user %R (at 0 0) (layer F.Fab)
      (effects (font (size 0.5 0.5) (thickness 0.08)))
    )
    (pad 1 smd roundrect (at -1.025 0) (size 1.15 1.4) (layers F.Cu F.Paste F.Mask) (roundrect_rratio 0.217391)
      (net 3 +5V))
    (pad 2 smd roundrect (at 1.025 0) (size 1.15 1.4) (layers F.Cu F.Paste F.Mask) (roundrect_rratio 0.217391)
      (net 2 GND))
    (model ${KISYS3DMOD}/Capacitor_SMD.3dshapes/C_0805_2012Metric.wrl
      (at (xyz 0 0 0))
      (scale (xyz 1 1 1))
      (rotate (xyz 0 0 0))
    )
  )

  (module Battery:BatteryHolder_Keystone_1058_1x2032 (layer F.Cu) (tedit 589EE147) (tstamp 63D593D3)
    (at 185.5 73.5 180)
    (descr http://www.keyelco.com/product-pdf.cfm?p=14028)
    (tags "Keystone type 1058 coin cell retainer")
    (path /63DBBDAC)
    (attr smd)
    (fp_text reference BT1 (at 0 7.62) (layer F.SilkS)
      (effects (font (size 0.75 0.75) (thickness 0.1)))
    )
    (fp_text value Battery_Cell (at 0 -9.398) (layer F.Fab)
      (effects (font (size 1 1) (thickness 0.15)))
    )
    (fp_text user %R (at 0 0) (layer F.Fab)
      (effects (font (size 1 1) (thickness 0.15)))
    )
    (fp_arc (start 0 0) (end 11.06 4.11) (angle 139.2) (layer F.CrtYd) (width 0.05))
    (fp_arc (start 0 0) (end -11.06 -4.11) (angle 139.2) (layer F.CrtYd) (width 0.05))
    (fp_line (start 11.06 4.11) (end 16.45 4.11) (layer F.CrtYd) (width 0.05))
    (fp_line (start 16.45 4.11) (end 16.45 -4.11) (layer F.CrtYd) (width 0.05))
    (fp_line (start 16.45 -4.11) (end 11.06 -4.11) (layer F.CrtYd) (width 0.05))
    (fp_line (start -16.45 -4.11) (end -11.06 -4.11) (layer F.CrtYd) (width 0.05))
    (fp_line (start -16.45 -4.11) (end -16.45 4.11) (layer F.CrtYd) (width 0.05))
    (fp_line (start -16.45 4.11) (end -11.06 4.11) (layer F.CrtYd) (width 0.05))
    (fp_arc (start 0 0) (end -10.692 3.61) (angle -27.3) (layer F.SilkS) (width 0.12))
    (fp_arc (start 0 0) (end 10.692 -3.61) (angle -27.3) (layer F.SilkS) (width 0.12))
    (fp_arc (start 0 0) (end 10.692 3.61) (angle 27.3) (layer F.SilkS) (width 0.12))
    (fp_arc (start 0 0) (end -10.692 -3.61) (angle 27.3) (layer F.SilkS) (width 0.12))
    (fp_line (start -14.31 1.9) (end -14.31 3.61) (layer F.SilkS) (width 0.12))
    (fp_line (start -10.692 3.61) (end -14.31 3.61) (layer F.SilkS) (width 0.12))
    (fp_line (start -3.86 8.11) (end -7.8473 8.11) (layer F.SilkS) (width 0.12))
    (fp_line (start -1.66 5.91) (end -3.86 8.11) (layer F.SilkS) (width 0.12))
    (fp_line (start 1.66 5.91) (end -1.66 5.91) (layer F.SilkS) (width 0.12))
    (fp_line (start 1.66 5.91) (end 3.86 8.11) (layer F.SilkS) (width 0.12))
    (fp_line (start 7.8473 8.11) (end 3.86 8.11) (layer F.SilkS) (width 0.12))
    (fp_line (start 14.31 1.9) (end 14.31 3.61) (layer F.SilkS) (width 0.12))
    (fp_line (start 14.31 3.61) (end 10.692 3.61) (layer F.SilkS) (width 0.12))
    (fp_line (start 10.692 -3.61) (end 14.31 -3.61) (layer F.SilkS) (width 0.12))
    (fp_line (start 14.31 -1.9) (end 14.31 -3.61) (layer F.SilkS) (width 0.12))
    (fp_line (start -7.8473 -8.11) (end 7.8473 -8.11) (layer F.SilkS) (width 0.12))
    (fp_line (start -14.31 -1.9) (end -14.31 -3.61) (layer F.SilkS) (width 0.12))
    (fp_line (start -14.31 -3.61) (end -10.692 -3.61) (layer F.SilkS) (width 0.12))
    (fp_arc (start 0 0) (end -10.61275 3.5) (angle -27.4635) (layer F.Fab) (width 0.1))
    (fp_arc (start 0 0) (end 10.61275 -3.5) (angle -27.4635) (layer F.Fab) (width 0.1))
    (fp_arc (start 0 0) (end 10.61275 3.5) (angle 27.4635) (layer F.Fab) (width 0.1))
    (fp_line (start 14.2 1.9) (end 14.2 3.5) (layer F.Fab) (width 0.1))
    (fp_line (start 14.2 3.5) (end 10.61275 3.5) (layer F.Fab) (width 0.1))
    (fp_line (start 10.61275 -3.5) (end 14.2 -3.5) (layer F.Fab) (width 0.1))
    (fp_line (start 14.2 -3.5) (end 14.2 -1.9) (layer F.Fab) (width 0.1))
    (fp_line (start -14.2 1.9) (end -14.2 3.5) (layer F.Fab) (width 0.1))
    (fp_line (start -14.2 3.5) (end -10.61275 3.5) (layer F.Fab) (width 0.1))
    (fp_line (start 3.9 8) (end 7.8026 8) (layer F.Fab) (width 0.1))
    (fp_line (start 1.7 5.8) (end 3.9 8) (layer F.Fab) (width 0.1))
    (fp_line (start -1.7 5.8) (end -3.9 8) (layer F.Fab) (width 0.1))
    (fp_line (start -1.7 5.8) (end 1.7 5.8) (layer F.Fab) (width 0.1))
    (fp_line (start -14.2 -3.5) (end -10.61275 -3.5) (layer F.Fab) (width 0.1))
    (fp_line (start -14.2 -3.5) (end -14.2 -1.9) (layer F.Fab) (width 0.1))
    (fp_line (start -3.9 8) (end -7.8026 8) (layer F.Fab) (width 0.1))
    (fp_line (start -7.8026 -8) (end 7.8026 -8) (layer F.Fab) (width 0.1))
    (fp_arc (start 0 0) (end -10.61275 -3.5) (angle 27.4635) (layer F.Fab) (width 0.1))
    (fp_circle (center 0 0) (end 10 0) (layer Dwgs.User) (width 0.15))
    (pad 1 smd rect (at -14.68 0 180) (size 2.54 3.51) (layers F.Cu F.Paste F.Mask)
      (net 1 "Net-(BT1-Pad1)"))
    (pad 2 smd rect (at 14.68 0 180) (size 2.54 3.51) (layers F.Cu F.Paste F.Mask)
      (net 2 GND))
    (model ${KISYS3DMOD}/Battery.3dshapes/BatteryHolder_Keystone_1058_1x2032.wrl
      (at (xyz 0 0 0))
      (scale (xyz 1 1 1))
      (rotate (xyz 0 0 0))
    )
  )

  (module Capacitor_SMD:C_0805_2012Metric_Pad1.15x1.40mm_HandSolder (layer F.Cu) (tedit 5B36C52B) (tstamp 63D593E4)
    (at 199.15 124.1)
    (descr "Capacitor SMD 0805 (2012 Metric), square (rectangular) end terminal, IPC_7351 nominal with elongated pad for handsoldering. (Body size source: https://docs.google.com/spreadsheets/d/1BsfQQcO9C6DZCsRaXUlFlo91Tg2WpOkGARC1WS5S8t0/edit?usp=sharing), generated with kicad-footprint-generator")
    (tags "capacitor handsolder")
    (path /63D4B972)
    (attr smd)
    (fp_text reference C1 (at 0 -1.45) (layer F.SilkS)
      (effects (font (size 0.75 0.75) (thickness 0.1)))
    )
    (fp_text value 10uF (at 0 1.65) (layer F.Fab)
      (effects (font (size 1 1) (thickness 0.15)))
    )
    (fp_line (start -1 0.6) (end -1 -0.6) (layer F.Fab) (width 0.1))
    (fp_line (start -1 -0.6) (end 1 -0.6) (layer F.Fab) (width 0.1))
    (fp_line (start 1 -0.6) (end 1 0.6) (layer F.Fab) (width 0.1))
    (fp_line (start 1 0.6) (end -1 0.6) (layer F.Fab) (width 0.1))
    (fp_line (start -0.261252 -0.71) (end 0.261252 -0.71) (layer F.SilkS) (width 0.12))
    (fp_line (start -0.261252 0.71) (end 0.261252 0.71) (layer F.SilkS) (width 0.12))
    (fp_line (start -1.85 0.95) (end -1.85 -0.95) (layer F.CrtYd) (width 0.05))
    (fp_line (start -1.85 -0.95) (end 1.85 -0.95) (layer F.CrtYd) (width 0.05))
    (fp_line (start 1.85 -0.95) (end 1.85 0.95) (layer F.CrtYd) (width 0.05))
    (fp_line (start 1.85 0.95) (end -1.85 0.95) (layer F.CrtYd) (width 0.05))
    (fp_text user %R (at 0 0) (layer F.Fab)
      (effects (font (size 0.5 0.5) (thickness 0.08)))
    )
    (pad 1 smd roundrect (at -1.025 0) (size 1.15 1.4) (layers F.Cu F.Paste F.Mask) (roundrect_rratio 0.217391)
      (net 3 +5V))
    (pad 2 smd roundrect (at 1.025 0) (size 1.15 1.4) (layers F.Cu F.Paste F.Mask) (roundrect_rratio 0.217391)
      (net 2 GND))
    (model ${KISYS3DMOD}/Capacitor_SMD.3dshapes/C_0805_2012Metric.wrl
      (at (xyz 0 0 0))
      (scale (xyz 1 1 1))
      (rotate (xyz 0 0 0))
    )
  )

  (module Capacitor_SMD:C_0805_2012Metric_Pad1.15x1.40mm_HandSolder (layer F.Cu) (tedit 5B36C52B) (tstamp 63D59406)
    (at 154.5 115 180)
    (descr "Capacitor SMD 0805 (2012 Metric), square (rectangular) end terminal, IPC_7351 nominal with elongated pad for handsoldering. (Body size source: https://docs.google.com/spreadsheets/d/1BsfQQcO9C6DZCsRaXUlFlo91Tg2WpOkGARC1WS5S8t0/edit?usp=sharing), generated with kicad-footprint-generator")
    (tags "capacitor handsolder")
    (path /63E65F79)
    (attr smd)
    (fp_text reference C3 (at 0 1.5) (layer F.SilkS)
      (effects (font (size 0.75 0.75) (thickness 0.1)))
    )
    (fp_text value 100nF (at 0 1.65) (layer F.Fab)
      (effects (font (size 1 1) (thickness 0.15)))
    )
    (fp_text user %R (at 0 0) (layer F.Fab)
      (effects (font (size 0.5 0.5) (thickness 0.08)))
    )
    (fp_line (start 1.85 0.95) (end -1.85 0.95) (layer F.CrtYd) (width 0.05))
    (fp_line (start 1.85 -0.95) (end 1.85 0.95) (layer F.CrtYd) (width 0.05))
    (fp_line (start -1.85 -0.95) (end 1.85 -0.95) (layer F.CrtYd) (width 0.05))
    (fp_line (start -1.85 0.95) (end -1.85 -0.95) (layer F.CrtYd) (width 0.05))
    (fp_line (start -0.261252 0.71) (end 0.261252 0.71) (layer F.SilkS) (width 0.12))
    (fp_line (start -0.261252 -0.71) (end 0.261252 -0.71) (layer F.SilkS) (width 0.12))
    (fp_line (start 1 0.6) (end -1 0.6) (layer F.Fab) (width 0.1))
    (fp_line (start 1 -0.6) (end 1 0.6) (layer F.Fab) (width 0.1))
    (fp_line (start -1 -0.6) (end 1 -0.6) (layer F.Fab) (width 0.1))
    (fp_line (start -1 0.6) (end -1 -0.6) (layer F.Fab) (width 0.1))
    (pad 2 smd roundrect (at 1.025 0 180) (size 1.15 1.4) (layers F.Cu F.Paste F.Mask) (roundrect_rratio 0.217391)
      (net 2 GND))
    (pad 1 smd roundrect (at -1.025 0 180) (size 1.15 1.4) (layers F.Cu F.Paste F.Mask) (roundrect_rratio 0.217391)
      (net 3 +5V))
    (model ${KISYS3DMOD}/Capacitor_SMD.3dshapes/C_0805_2012Metric.wrl
      (at (xyz 0 0 0))
      (scale (xyz 1 1 1))
      (rotate (xyz 0 0 0))
    )
  )

  (module Capacitor_SMD:C_0805_2012Metric_Pad1.15x1.40mm_HandSolder (layer F.Cu) (tedit 5B36C52B) (tstamp 63D59417)
    (at 154.475 98 180)
    (descr "Capacitor SMD 0805 (2012 Metric), square (rectangular) end terminal, IPC_7351 nominal with elongated pad for handsoldering. (Body size source: https://docs.google.com/spreadsheets/d/1BsfQQcO9C6DZCsRaXUlFlo91Tg2WpOkGARC1WS5S8t0/edit?usp=sharing), generated with kicad-footprint-generator")
    (tags "capacitor handsolder")
    (path /63D2F111)
    (attr smd)
    (fp_text reference C5 (at -2.525 0) (layer F.SilkS)
      (effects (font (size 0.75 0.75) (thickness 0.1)))
    )
    (fp_text value 100nF (at 0 1.65) (layer F.Fab)
      (effects (font (size 1 1) (thickness 0.15)))
    )
    (fp_text user %R (at 0 0) (layer F.Fab)
      (effects (font (size 0.5 0.5) (thickness 0.08)))
    )
    (fp_line (start 1.85 0.95) (end -1.85 0.95) (layer F.CrtYd) (width 0.05))
    (fp_line (start 1.85 -0.95) (end 1.85 0.95) (layer F.CrtYd) (width 0.05))
    (fp_line (start -1.85 -0.95) (end 1.85 -0.95) (layer F.CrtYd) (width 0.05))
    (fp_line (start -1.85 0.95) (end -1.85 -0.95) (layer F.CrtYd) (width 0.05))
    (fp_line (start -0.261252 0.71) (end 0.261252 0.71) (layer F.SilkS) (width 0.12))
    (fp_line (start -0.261252 -0.71) (end 0.261252 -0.71) (layer F.SilkS) (width 0.12))
    (fp_line (start 1 0.6) (end -1 0.6) (layer F.Fab) (width 0.1))
    (fp_line (start 1 -0.6) (end 1 0.6) (layer F.Fab) (width 0.1))
    (fp_line (start -1 -0.6) (end 1 -0.6) (layer F.Fab) (width 0.1))
    (fp_line (start -1 0.6) (end -1 -0.6) (layer F.Fab) (width 0.1))
    (pad 2 smd roundrect (at 1.025 0 180) (size 1.15 1.4) (layers F.Cu F.Paste F.Mask) (roundrect_rratio 0.217391)
      (net 2 GND))
    (pad 1 smd roundrect (at -1.025 0 180) (size 1.15 1.4) (layers F.Cu F.Paste F.Mask) (roundrect_rratio 0.217391)
      (net 4 +3V3))
    (model ${KISYS3DMOD}/Capacitor_SMD.3dshapes/C_0805_2012Metric.wrl
      (at (xyz 0 0 0))
      (scale (xyz 1 1 1))
      (rotate (xyz 0 0 0))
    )
  )

  (module Capacitor_Tantalum_SMD:CP_EIA-7343-15_Kemet-W_Pad2.25x2.55mm_HandSolder (layer F.Cu) (tedit 5B301BBE) (tstamp 63D5942A)
    (at 142.25 65.5)
    (descr "Tantalum Capacitor SMD Kemet-W (7343-15 Metric), IPC_7351 nominal, (Body size from: http://www.kemet.com/Lists/ProductCatalog/Attachments/253/KEM_TC101_STD.pdf), generated with kicad-footprint-generator")
    (tags "capacitor tantalum")
    (path /63F1E3DC)
    (attr smd)
    (fp_text reference C7 (at 5.75 -2) (layer F.SilkS)
      (effects (font (size 0.75 0.75) (thickness 0.1)))
    )
    (fp_text value "680uF - Tant" (at 0 3.1) (layer F.Fab)
      (effects (font (size 1 1) (thickness 0.15)))
    )
    (fp_line (start 3.65 -2.15) (end -2.65 -2.15) (layer F.Fab) (width 0.1))
    (fp_line (start -2.65 -2.15) (end -3.65 -1.15) (layer F.Fab) (width 0.1))
    (fp_line (start -3.65 -1.15) (end -3.65 2.15) (layer F.Fab) (width 0.1))
    (fp_line (start -3.65 2.15) (end 3.65 2.15) (layer F.Fab) (width 0.1))
    (fp_line (start 3.65 2.15) (end 3.65 -2.15) (layer F.Fab) (width 0.1))
    (fp_line (start 3.65 -2.26) (end -4.585 -2.26) (layer F.SilkS) (width 0.12))
    (fp_line (start -4.585 -2.26) (end -4.585 2.26) (layer F.SilkS) (width 0.12))
    (fp_line (start -4.585 2.26) (end 3.65 2.26) (layer F.SilkS) (width 0.12))
    (fp_line (start -4.58 2.4) (end -4.58 -2.4) (layer F.CrtYd) (width 0.05))
    (fp_line (start -4.58 -2.4) (end 4.58 -2.4) (layer F.CrtYd) (width 0.05))
    (fp_line (start 4.58 -2.4) (end 4.58 2.4) (layer F.CrtYd) (width 0.05))
    (fp_line (start 4.58 2.4) (end -4.58 2.4) (layer F.CrtYd) (width 0.05))
    (fp_text user %R (at 0 0) (layer F.Fab)
      (effects (font (size 1 1) (thickness 0.15)))
    )
    (pad 1 smd roundrect (at -3.2 0) (size 2.25 2.55) (layers F.Cu F.Paste F.Mask) (roundrect_rratio 0.111111)
      (net 5 Vsolar_protected))
    (pad 2 smd roundrect (at 3.2 0) (size 2.25 2.55) (layers F.Cu F.Paste F.Mask) (roundrect_rratio 0.111111)
      (net 2 GND))
    (model ${KISYS3DMOD}/Capacitor_Tantalum_SMD.3dshapes/CP_EIA-7343-15_Kemet-W.wrl
      (at (xyz 0 0 0))
      (scale (xyz 1 1 1))
      (rotate (xyz 0 0 0))
    )
  )

  (module Capacitor_Tantalum_SMD:CP_EIA-7343-15_Kemet-W_Pad2.25x2.55mm_HandSolder (layer F.Cu) (tedit 5B301BBE) (tstamp 63D5943D)
    (at 145 83.5)
    (descr "Tantalum Capacitor SMD Kemet-W (7343-15 Metric), IPC_7351 nominal, (Body size from: http://www.kemet.com/Lists/ProductCatalog/Attachments/253/KEM_TC101_STD.pdf), generated with kicad-footprint-generator")
    (tags "capacitor tantalum")
    (path /63F3084B)
    (attr smd)
    (fp_text reference C8 (at -3.5 3.5) (layer F.SilkS)
      (effects (font (size 0.75 0.75) (thickness 0.1)))
    )
    (fp_text value 220uF-Tantalum (at 0 3.1) (layer F.Fab)
      (effects (font (size 1 1) (thickness 0.15)))
    )
    (fp_text user %R (at 0 0) (layer F.Fab)
      (effects (font (size 1 1) (thickness 0.15)))
    )
    (fp_line (start 4.58 2.4) (end -4.58 2.4) (layer F.CrtYd) (width 0.05))
    (fp_line (start 4.58 -2.4) (end 4.58 2.4) (layer F.CrtYd) (width 0.05))
    (fp_line (start -4.58 -2.4) (end 4.58 -2.4) (layer F.CrtYd) (width 0.05))
    (fp_line (start -4.58 2.4) (end -4.58 -2.4) (layer F.CrtYd) (width 0.05))
    (fp_line (start -4.585 2.26) (end 3.65 2.26) (layer F.SilkS) (width 0.12))
    (fp_line (start -4.585 -2.26) (end -4.585 2.26) (layer F.SilkS) (width 0.12))
    (fp_line (start 3.65 -2.26) (end -4.585 -2.26) (layer F.SilkS) (width 0.12))
    (fp_line (start 3.65 2.15) (end 3.65 -2.15) (layer F.Fab) (width 0.1))
    (fp_line (start -3.65 2.15) (end 3.65 2.15) (layer F.Fab) (width 0.1))
    (fp_line (start -3.65 -1.15) (end -3.65 2.15) (layer F.Fab) (width 0.1))
    (fp_line (start -2.65 -2.15) (end -3.65 -1.15) (layer F.Fab) (width 0.1))
    (fp_line (start 3.65 -2.15) (end -2.65 -2.15) (layer F.Fab) (width 0.1))
    (pad 2 smd roundrect (at 3.2 0) (size 2.25 2.55) (layers F.Cu F.Paste F.Mask) (roundrect_rratio 0.111111)
      (net 2 GND))
    (pad 1 smd roundrect (at -3.2 0) (size 2.25 2.55) (layers F.Cu F.Paste F.Mask) (roundrect_rratio 0.111111)
      (net 6 Vsolar_reg))
    (model ${KISYS3DMOD}/Capacitor_Tantalum_SMD.3dshapes/CP_EIA-7343-15_Kemet-W.wrl
      (at (xyz 0 0 0))
      (scale (xyz 1 1 1))
      (rotate (xyz 0 0 0))
    )
  )

  (module Capacitor_SMD:C_0805_2012Metric_Pad1.15x1.40mm_HandSolder (layer F.Cu) (tedit 5B36C52B) (tstamp 63D5944E)
    (at 121 94 180)
    (descr "Capacitor SMD 0805 (2012 Metric), square (rectangular) end terminal, IPC_7351 nominal with elongated pad for handsoldering. (Body size source: https://docs.google.com/spreadsheets/d/1BsfQQcO9C6DZCsRaXUlFlo91Tg2WpOkGARC1WS5S8t0/edit?usp=sharing), generated with kicad-footprint-generator")
    (tags "capacitor handsolder")
    (path /63D4E53A)
    (attr smd)
    (fp_text reference C9 (at 3 0) (layer F.SilkS)
      (effects (font (size 0.75 0.75) (thickness 0.1)))
    )
    (fp_text value 10uF (at 0 1.65) (layer F.Fab)
      (effects (font (size 1 1) (thickness 0.15)))
    )
    (fp_line (start -1 0.6) (end -1 -0.6) (layer F.Fab) (width 0.1))
    (fp_line (start -1 -0.6) (end 1 -0.6) (layer F.Fab) (width 0.1))
    (fp_line (start 1 -0.6) (end 1 0.6) (layer F.Fab) (width 0.1))
    (fp_line (start 1 0.6) (end -1 0.6) (layer F.Fab) (width 0.1))
    (fp_line (start -0.261252 -0.71) (end 0.261252 -0.71) (layer F.SilkS) (width 0.12))
    (fp_line (start -0.261252 0.71) (end 0.261252 0.71) (layer F.SilkS) (width 0.12))
    (fp_line (start -1.85 0.95) (end -1.85 -0.95) (layer F.CrtYd) (width 0.05))
    (fp_line (start -1.85 -0.95) (end 1.85 -0.95) (layer F.CrtYd) (width 0.05))
    (fp_line (start 1.85 -0.95) (end 1.85 0.95) (layer F.CrtYd) (width 0.05))
    (fp_line (start 1.85 0.95) (end -1.85 0.95) (layer F.CrtYd) (width 0.05))
    (fp_text user %R (at 0 0) (layer F.Fab)
      (effects (font (size 0.5 0.5) (thickness 0.08)))
    )
    (pad 1 smd roundrect (at -1.025 0 180) (size 1.15 1.4) (layers F.Cu F.Paste F.Mask) (roundrect_rratio 0.217391)
      (net 3 +5V))
    (pad 2 smd roundrect (at 1.025 0 180) (size 1.15 1.4) (layers F.Cu F.Paste F.Mask) (roundrect_rratio 0.217391)
      (net 2 GND))
    (model ${KISYS3DMOD}/Capacitor_SMD.3dshapes/C_0805_2012Metric.wrl
      (at (xyz 0 0 0))
      (scale (xyz 1 1 1))
      (rotate (xyz 0 0 0))
    )
  )

  (module Capacitor_SMD:C_0805_2012Metric_Pad1.15x1.40mm_HandSolder (layer F.Cu) (tedit 5B36C52B) (tstamp 63DC1B1D)
    (at 121 96.5 180)
    (descr "Capacitor SMD 0805 (2012 Metric), square (rectangular) end terminal, IPC_7351 nominal with elongated pad for handsoldering. (Body size source: https://docs.google.com/spreadsheets/d/1BsfQQcO9C6DZCsRaXUlFlo91Tg2WpOkGARC1WS5S8t0/edit?usp=sharing), generated with kicad-footprint-generator")
    (tags "capacitor handsolder")
    (path /63D28BED)
    (attr smd)
    (fp_text reference C10 (at 0 -1.5) (layer F.SilkS)
      (effects (font (size 0.75 0.75) (thickness 0.1)))
    )
    (fp_text value 100nF (at 0 1.65) (layer F.Fab)
      (effects (font (size 1 1) (thickness 0.15)))
    )
    (fp_line (start -1 0.6) (end -1 -0.6) (layer F.Fab) (width 0.1))
    (fp_line (start -1 -0.6) (end 1 -0.6) (layer F.Fab) (width 0.1))
    (fp_line (start 1 -0.6) (end 1 0.6) (layer F.Fab) (width 0.1))
    (fp_line (start 1 0.6) (end -1 0.6) (layer F.Fab) (width 0.1))
    (fp_line (start -0.261252 -0.71) (end 0.261252 -0.71) (layer F.SilkS) (width 0.12))
    (fp_line (start -0.261252 0.71) (end 0.261252 0.71) (layer F.SilkS) (width 0.12))
    (fp_line (start -1.85 0.95) (end -1.85 -0.95) (layer F.CrtYd) (width 0.05))
    (fp_line (start -1.85 -0.95) (end 1.85 -0.95) (layer F.CrtYd) (width 0.05))
    (fp_line (start 1.85 -0.95) (end 1.85 0.95) (layer F.CrtYd) (width 0.05))
    (fp_line (start 1.85 0.95) (end -1.85 0.95) (layer F.CrtYd) (width 0.05))
    (fp_text user %R (at 0 0) (layer F.Fab)
      (effects (font (size 0.5 0.5) (thickness 0.08)))
    )
    (pad 1 smd roundrect (at -1.025 0 180) (size 1.15 1.4) (layers F.Cu F.Paste F.Mask) (roundrect_rratio 0.217391)
      (net 3 +5V))
    (pad 2 smd roundrect (at 1.025 0 180) (size 1.15 1.4) (layers F.Cu F.Paste F.Mask) (roundrect_rratio 0.217391)
      (net 2 GND))
    (model ${KISYS3DMOD}/Capacitor_SMD.3dshapes/C_0805_2012Metric.wrl
      (at (xyz 0 0 0))
      (scale (xyz 1 1 1))
      (rotate (xyz 0 0 0))
    )
  )

  (module Capacitor_SMD:C_0805_2012Metric_Pad1.15x1.40mm_HandSolder (layer F.Cu) (tedit 5B36C52B) (tstamp 63D59470)
    (at 128.35 82.6 180)
    (descr "Capacitor SMD 0805 (2012 Metric), square (rectangular) end terminal, IPC_7351 nominal with elongated pad for handsoldering. (Body size source: https://docs.google.com/spreadsheets/d/1BsfQQcO9C6DZCsRaXUlFlo91Tg2WpOkGARC1WS5S8t0/edit?usp=sharing), generated with kicad-footprint-generator")
    (tags "capacitor handsolder")
    (path /63D46B67)
    (attr smd)
    (fp_text reference C11 (at 2.9 -0.5) (layer F.SilkS)
      (effects (font (size 0.75 0.75) (thickness 0.1)))
    )
    (fp_text value 10uF (at 0 1.65) (layer F.Fab)
      (effects (font (size 1 1) (thickness 0.15)))
    )
    (fp_text user %R (at 0 0) (layer F.Fab)
      (effects (font (size 0.5 0.5) (thickness 0.08)))
    )
    (fp_line (start 1.85 0.95) (end -1.85 0.95) (layer F.CrtYd) (width 0.05))
    (fp_line (start 1.85 -0.95) (end 1.85 0.95) (layer F.CrtYd) (width 0.05))
    (fp_line (start -1.85 -0.95) (end 1.85 -0.95) (layer F.CrtYd) (width 0.05))
    (fp_line (start -1.85 0.95) (end -1.85 -0.95) (layer F.CrtYd) (width 0.05))
    (fp_line (start -0.261252 0.71) (end 0.261252 0.71) (layer F.SilkS) (width 0.12))
    (fp_line (start -0.261252 -0.71) (end 0.261252 -0.71) (layer F.SilkS) (width 0.12))
    (fp_line (start 1 0.6) (end -1 0.6) (layer F.Fab) (width 0.1))
    (fp_line (start 1 -0.6) (end 1 0.6) (layer F.Fab) (width 0.1))
    (fp_line (start -1 -0.6) (end 1 -0.6) (layer F.Fab) (width 0.1))
    (fp_line (start -1 0.6) (end -1 -0.6) (layer F.Fab) (width 0.1))
    (pad 2 smd roundrect (at 1.025 0 180) (size 1.15 1.4) (layers F.Cu F.Paste F.Mask) (roundrect_rratio 0.217391)
      (net 2 GND))
    (pad 1 smd roundrect (at -1.025 0 180) (size 1.15 1.4) (layers F.Cu F.Paste F.Mask) (roundrect_rratio 0.217391)
      (net 7 Vbat_protected))
    (model ${KISYS3DMOD}/Capacitor_SMD.3dshapes/C_0805_2012Metric.wrl
      (at (xyz 0 0 0))
      (scale (xyz 1 1 1))
      (rotate (xyz 0 0 0))
    )
  )

  (module Capacitor_SMD:C_0805_2012Metric_Pad1.15x1.40mm_HandSolder (layer F.Cu) (tedit 5B36C52B) (tstamp 63D59481)
    (at 214 153.5 90)
    (descr "Capacitor SMD 0805 (2012 Metric), square (rectangular) end terminal, IPC_7351 nominal with elongated pad for handsoldering. (Body size source: https://docs.google.com/spreadsheets/d/1BsfQQcO9C6DZCsRaXUlFlo91Tg2WpOkGARC1WS5S8t0/edit?usp=sharing), generated with kicad-footprint-generator")
    (tags "capacitor handsolder")
    (path /63F10B6C)
    (attr smd)
    (fp_text reference C12 (at 0 1.5 90) (layer F.SilkS)
      (effects (font (size 0.75 0.75) (thickness 0.1)))
    )
    (fp_text value 100nF (at 0 1.65 90) (layer F.Fab)
      (effects (font (size 1 1) (thickness 0.15)))
    )
    (fp_text user %R (at 0 0 90) (layer F.Fab)
      (effects (font (size 0.5 0.5) (thickness 0.08)))
    )
    (fp_line (start 1.85 0.95) (end -1.85 0.95) (layer F.CrtYd) (width 0.05))
    (fp_line (start 1.85 -0.95) (end 1.85 0.95) (layer F.CrtYd) (width 0.05))
    (fp_line (start -1.85 -0.95) (end 1.85 -0.95) (layer F.CrtYd) (width 0.05))
    (fp_line (start -1.85 0.95) (end -1.85 -0.95) (layer F.CrtYd) (width 0.05))
    (fp_line (start -0.261252 0.71) (end 0.261252 0.71) (layer F.SilkS) (width 0.12))
    (fp_line (start -0.261252 -0.71) (end 0.261252 -0.71) (layer F.SilkS) (width 0.12))
    (fp_line (start 1 0.6) (end -1 0.6) (layer F.Fab) (width 0.1))
    (fp_line (start 1 -0.6) (end 1 0.6) (layer F.Fab) (width 0.1))
    (fp_line (start -1 -0.6) (end 1 -0.6) (layer F.Fab) (width 0.1))
    (fp_line (start -1 0.6) (end -1 -0.6) (layer F.Fab) (width 0.1))
    (pad 2 smd roundrect (at 1.025 0 90) (size 1.15 1.4) (layers F.Cu F.Paste F.Mask) (roundrect_rratio 0.217391)
      (net 2 GND))
    (pad 1 smd roundrect (at -1.025 0 90) (size 1.15 1.4) (layers F.Cu F.Paste F.Mask) (roundrect_rratio 0.217391)
      (net 3 +5V))
    (model ${KISYS3DMOD}/Capacitor_SMD.3dshapes/C_0805_2012Metric.wrl
      (at (xyz 0 0 0))
      (scale (xyz 1 1 1))
      (rotate (xyz 0 0 0))
    )
  )

  (module Capacitor_SMD:C_0805_2012Metric_Pad1.15x1.40mm_HandSolder (layer F.Cu) (tedit 5B36C52B) (tstamp 63D59492)
    (at 214 144.75 90)
    (descr "Capacitor SMD 0805 (2012 Metric), square (rectangular) end terminal, IPC_7351 nominal with elongated pad for handsoldering. (Body size source: https://docs.google.com/spreadsheets/d/1BsfQQcO9C6DZCsRaXUlFlo91Tg2WpOkGARC1WS5S8t0/edit?usp=sharing), generated with kicad-footprint-generator")
    (tags "capacitor handsolder")
    (path /63DA96BD)
    (attr smd)
    (fp_text reference C13 (at 0 1.5 90) (layer F.SilkS)
      (effects (font (size 0.75 0.75) (thickness 0.1)))
    )
    (fp_text value 100nF (at 0 1.65 90) (layer F.Fab)
      (effects (font (size 1 1) (thickness 0.15)))
    )
    (fp_line (start -1 0.6) (end -1 -0.6) (layer F.Fab) (width 0.1))
    (fp_line (start -1 -0.6) (end 1 -0.6) (layer F.Fab) (width 0.1))
    (fp_line (start 1 -0.6) (end 1 0.6) (layer F.Fab) (width 0.1))
    (fp_line (start 1 0.6) (end -1 0.6) (layer F.Fab) (width 0.1))
    (fp_line (start -0.261252 -0.71) (end 0.261252 -0.71) (layer F.SilkS) (width 0.12))
    (fp_line (start -0.261252 0.71) (end 0.261252 0.71) (layer F.SilkS) (width 0.12))
    (fp_line (start -1.85 0.95) (end -1.85 -0.95) (layer F.CrtYd) (width 0.05))
    (fp_line (start -1.85 -0.95) (end 1.85 -0.95) (layer F.CrtYd) (width 0.05))
    (fp_line (start 1.85 -0.95) (end 1.85 0.95) (layer F.CrtYd) (width 0.05))
    (fp_line (start 1.85 0.95) (end -1.85 0.95) (layer F.CrtYd) (width 0.05))
    (fp_text user %R (at 0 0 90) (layer F.Fab)
      (effects (font (size 0.5 0.5) (thickness 0.08)))
    )
    (pad 1 smd roundrect (at -1.025 0 90) (size 1.15 1.4) (layers F.Cu F.Paste F.Mask) (roundrect_rratio 0.217391)
      (net 3 +5V))
    (pad 2 smd roundrect (at 1.025 0 90) (size 1.15 1.4) (layers F.Cu F.Paste F.Mask) (roundrect_rratio 0.217391)
      (net 2 GND))
    (model ${KISYS3DMOD}/Capacitor_SMD.3dshapes/C_0805_2012Metric.wrl
      (at (xyz 0 0 0))
      (scale (xyz 1 1 1))
      (rotate (xyz 0 0 0))
    )
  )

  (module Capacitor_SMD:C_0805_2012Metric_Pad1.15x1.40mm_HandSolder (layer F.Cu) (tedit 5B36C52B) (tstamp 63D8D40F)
    (at 117.5 139.5 270)
    (descr "Capacitor SMD 0805 (2012 Metric), square (rectangular) end terminal, IPC_7351 nominal with elongated pad for handsoldering. (Body size source: https://docs.google.com/spreadsheets/d/1BsfQQcO9C6DZCsRaXUlFlo91Tg2WpOkGARC1WS5S8t0/edit?usp=sharing), generated with kicad-footprint-generator")
    (tags "capacitor handsolder")
    (path /643F88F5)
    (attr smd)
    (fp_text reference C14 (at 0 1.5 90) (layer F.SilkS)
      (effects (font (size 0.75 0.75) (thickness 0.1)))
    )
    (fp_text value 22uF-X5R (at 0 1.65 90) (layer F.Fab)
      (effects (font (size 1 1) (thickness 0.15)))
    )
    (fp_line (start -1 0.6) (end -1 -0.6) (layer F.Fab) (width 0.1))
    (fp_line (start -1 -0.6) (end 1 -0.6) (layer F.Fab) (width 0.1))
    (fp_line (start 1 -0.6) (end 1 0.6) (layer F.Fab) (width 0.1))
    (fp_line (start 1 0.6) (end -1 0.6) (layer F.Fab) (width 0.1))
    (fp_line (start -0.261252 -0.71) (end 0.261252 -0.71) (layer F.SilkS) (width 0.12))
