(kicad_pcb (version 20171130) (host pcbnew "(5.1.5)-3")

  (general
    (thickness 1.6)
    (drawings 6)
    (tracks 106)
    (zones 0)
    (modules 18)
    (nets 17)
  )

  (page A4)
  (layers
    (0 F.Cu signal)
    (31 B.Cu signal hide)
    (32 B.Adhes user)
    (33 F.Adhes user hide)
    (34 B.Paste user)
    (35 F.Paste user)
    (36 B.SilkS user)
    (37 F.SilkS user)
    (38 B.Mask user)
    (39 F.Mask user)
    (40 Dwgs.User user)
    (41 Cmts.User user)
    (42 Eco1.User user)
    (43 Eco2.User user)
    (44 Edge.Cuts user)
    (45 Margin user)
    (46 B.CrtYd user)
    (47 F.CrtYd user)
    (48 B.Fab user)
    (49 F.Fab user)
  )

  (setup
    (last_trace_width 0.25)
    (user_trace_width 0.5)
    (user_trace_width 1)
    (trace_clearance 0.2)
    (zone_clearance 0.508)
    (zone_45_only no)
    (trace_min 0.2)
    (via_size 0.8)
    (via_drill 0.4)
    (via_min_size 0.4)
    (via_min_drill 0.3)
    (uvia_size 0.3)
    (uvia_drill 0.1)
    (uvias_allowed no)
    (uvia_min_size 0.2)
    (uvia_min_drill 0.1)
    (edge_width 0.05)
    (segment_width 0.2)
    (pcb_text_width 0.3)
    (pcb_text_size 1.5 1.5)
    (mod_edge_width 0.12)
    (mod_text_size 1 1)
    (mod_text_width 0.15)
    (pad_size 3 3)
    (pad_drill 1.75)
    (pad_to_mask_clearance 0.051)
    (solder_mask_min_width 0.25)
    (aux_axis_origin 0 0)
    (visible_elements 7FFFF7FF)
    (pcbplotparams
      (layerselection 0x010fc_ffffffff)
      (usegerberextensions false)
      (usegerberattributes false)
      (usegerberadvancedattributes false)
      (creategerberjobfile false)
      (excludeedgelayer true)
      (linewidth 0.100000)
      (plotframeref false)
      (viasonmask false)
      (mode 1)
      (useauxorigin false)
      (hpglpennumber 1)
      (hpglpenspeed 20)
      (hpglpendiameter 15.000000)
      (psnegative false)
      (psa4output false)
      (plotreference true)
      (plotvalue true)
      (plotinvisibletext false)
      (padsonsilk false)
      (subtractmaskfromsilk false)
      (outputformat 4)
      (mirror true)
      (drillshape 1)
      (scaleselection 1)
      (outputdirectory "output_files/"))
  )

  (net 0 "")
  (net 1 "Net-(C1-Pad1)")
  (net 2 GND)
  (net 3 /PMIDU)
  (net 4 /Vusb)
  (net 5 /Vext_dc)
  (net 6 /SW)
  (net 7 /BOOT)
  (net 8 /VBAT)
  (net 9 /Vsistema)
  (net 10 "Net-(D1-Pad1)")
  (net 11 /VDRV)
  (net 12 /STAT)
  (net 13 /BAT_NTC)
  (net 14 /BQ_SCL)
  (net 15 /BQ_SDA)
  (net 16 /BQ_INT)

  (net_class Default "This is the default net class."
    (clearance 0.2)
    (trace_width 0.25)
    (via_dia 0.8)
    (via_drill 0.4)
    (uvia_dia 0.3)
    (uvia_drill 0.1)
    (add_net /BAT_NTC)
    (add_net /BOOT)
    (add_net /BQ_INT)
    (add_net /BQ_SCL)
    (add_net /BQ_SDA)
    (add_net /PMIDU)
    (add_net /STAT)
    (add_net /SW)
    (add_net /VBAT)
    (add_net /VDRV)
    (add_net /Vext_dc)
    (add_net /Vsistema)
    (add_net /Vusb)
    (add_net GND)
    (add_net "Net-(C1-Pad1)")
    (add_net "Net-(D1-Pad1)")
  )

  (module Connector:JWT_A3963_1x02_P3.96mm_Vertical (layer F.Cu) (tedit 61DF5754) (tstamp 61DFDEF9)
    (at 115 83.88 90)
    (descr "JWT A3963, 3.96mm pitch Pin head connector (http://www.jwt.com.tw/pro_pdf/A3963.pdf)")
    (tags "connector JWT A3963 pinhead")
    (path /61D3544D)
    (fp_text reference J1 (at 1.91 -5.08 90) (layer F.SilkS)
      (effects (font (size 1 1) (thickness 0.15)))
    )
    (fp_text value Conn_01x02_Male (at 1.91 6.35 90) (layer F.Fab)
      (effects (font (size 1 1) (thickness 0.15)))
    )
    (fp_line (start 5.97 4.83) (end 5.97 0) (layer F.SilkS) (width 0.12))
    (fp_line (start -2.16 0) (end -2.16 4.83) (layer F.SilkS) (width 0.12))
    (fp_line (start -2.16 -1.91) (end 5.97 -1.91) (layer F.SilkS) (width 0.12))
    (fp_line (start -0.89 -1.91) (end -0.89 -3.3) (layer F.SilkS) (width 0.12))
    (fp_line (start 4.7 -1.91) (end 4.7 -3.3) (layer F.SilkS) (width 0.12))
    (fp_line (start -0.89 -3.3) (end 4.7 -3.3) (layer F.SilkS) (width 0.12))
    (fp_line (start -2.16 -1.91) (end -2.16 0) (layer F.SilkS) (width 0.12))
    (fp_line (start 5.97 -1.91) (end 5.97 0) (layer F.SilkS) (width 0.12))
    (fp_line (start -0.89 -3.05) (end 4.7 -3.05) (layer F.SilkS) (width 0.12))
    (fp_line (start -0.89 -2.16) (end 4.7 -2.16) (layer F.SilkS) (width 0.12))
    (fp_line (start 2.29 4.57) (end 2.29 4.83) (layer F.SilkS) (width 0.12))
    (fp_line (start 1.52 4.57) (end 2.29 4.57) (layer F.SilkS) (width 0.12))
    (fp_line (start 1.52 4.83) (end 1.52 4.57) (layer F.SilkS) (width 0.12))
    (fp_line (start 1.52 4.83) (end -2.16 4.83) (layer F.SilkS) (width 0.12))
    (fp_line (start 2.29 4.83) (end 5.97 4.83) (layer F.SilkS) (width 0.12))
    (fp_line (start -2.5 5.05) (end -2.5 -3.55) (layer F.CrtYd) (width 0.05))
    (fp_line (start 6.35 5.05) (end -2.5 5.05) (layer F.CrtYd) (width 0.05))
    (fp_line (start 6.35 -3.55) (end 6.35 5.05) (layer F.CrtYd) (width 0.05))
    (fp_line (start -2.5 -3.55) (end 6.35 -3.55) (layer F.CrtYd) (width 0.05))
    (fp_line (start -2.05 -1.8) (end 5.85 -1.8) (layer F.Fab) (width 0.1))
    (fp_line (start 5.85 -1.8) (end 5.85 4.7) (layer F.Fab) (width 0.1))
    (fp_line (start 5.85 4.7) (end -2.05 4.7) (layer F.Fab) (width 0.1))
    (fp_line (start -2.05 4.7) (end -2.05 -1.8) (layer F.Fab) (width 0.1))
    (fp_line (start -1.2 -2.2) (end -2.5 -2.2) (layer F.SilkS) (width 0.12))
    (fp_line (start -2.5 -2.2) (end -2.5 0) (layer F.SilkS) (width 0.12))
    (fp_line (start -1.25 -1.8) (end 0 -0.3) (layer F.Fab) (width 0.1))
    (fp_line (start 0 -0.3) (end 1.25 -1.8) (layer F.Fab) (width 0.1))
    (fp_line (start -0.8 -1.8) (end -0.8 -3.2) (layer F.Fab) (width 0.1))
    (fp_line (start -0.8 -3.2) (end 4.6 -3.2) (layer F.Fab) (width 0.1))
    (fp_line (start 4.6 -3.2) (end 4.6 -1.8) (layer F.Fab) (width 0.1))
    (fp_text user %R (at 2.2 3.7 90) (layer F.Fab)
      (effects (font (size 1 1) (thickness 0.15)))
    )
    (pad 2 thru_hole circle (at 3.88 0 90) (size 3 3) (drill 1.75) (layers *.Cu *.Mask)
      (net 2 GND))
    (pad 1 thru_hole rect (at 0 0 90) (size 3 3) (drill 1.75) (layers *.Cu *.Mask)
      (net 9 /Vsistema))
    (model ${KISYS3DMOD}/Connector.3dshapes/JWT_A3963_1x02_P3.96mm_Vertical.wrl
      (at (xyz 0 0 0))
      (scale (xyz 1 1 1))
      (rotate (xyz 0 0 0))
    )
  )

  (module Connector_PinHeader_1.27mm:PinHeader_1x03_P1.27mm_Vertical (layer F.Cu) (tedit 61DF4E66) (tstamp 61DFC9B4)
    (at 73 91)
    (descr "Through hole straight pin header, 1x03, 1.27mm pitch, single row")
    (tags "Through hole pin header THT 1x03 1.27mm single row")
    (fp_text reference REF** (at 0 -1.695) (layer F.SilkS)
      (effects (font (size 1 1) (thickness 0.15)))
    )
    (fp_text value PinHeader_1x03_P1.27mm_Vertical (at 3 4.235 90) (layer F.Fab)
      (effects (font (size 1 1) (thickness 0.15)))
    )
    (fp_text user %R (at 0 1.27 90) (layer F.Fab)
      (effects (font (size 1 1) (thickness 0.15)))
    )
    (fp_line (start 1.55 -1.15) (end -1.55 -1.15) (layer F.CrtYd) (width 0.05))
    (fp_line (start 1.55 3.7) (end 1.55 -1.15) (layer F.CrtYd) (width 0.05))
    (fp_line (start -1.55 3.7) (end 1.55 3.7) (layer F.CrtYd) (width 0.05))
    (fp_line (start -1.55 -1.15) (end -1.55 3.7) (layer F.CrtYd) (width 0.05))
    (fp_line (start -1.11 -0.76) (end 0 -0.76) (layer F.SilkS) (width 0.12))
    (fp_line (start -1.11 0) (end -1.11 -0.76) (layer F.SilkS) (width 0.12))
    (fp_line (start 0.563471 0.76) (end 1.11 0.76) (layer F.SilkS) (width 0.12))
    (fp_line (start -1.11 0.76) (end -0.563471 0.76) (layer F.SilkS) (width 0.12))
    (fp_line (start 1.11 0.76) (end 1.11 3.235) (layer F.SilkS) (width 0.12))
    (fp_line (start -1.11 0.76) (end -1.11 3.235) (layer F.SilkS) (width 0.12))
    (fp_line (start 0.30753 3.235) (end 1.11 3.235) (layer F.SilkS) (width 0.12))
    (fp_line (start -1.11 3.235) (end -0.30753 3.235) (layer F.SilkS) (width 0.12))
    (fp_line (start -1.05 -0.11) (end -0.525 -0.635) (layer F.Fab) (width 0.1))
    (fp_line (start -1.05 3.175) (end -1.05 -0.11) (layer F.Fab) (width 0.1))
    (fp_line (start 1.05 3.175) (end -1.05 3.175) (layer F.Fab) (width 0.1))
    (fp_line (start 1.05 -0.635) (end 1.05 3.175) (layer F.Fab) (width 0.1))
    (fp_line (start -0.525 -0.635) (end 1.05 -0.635) (layer F.Fab) (width 0.1))
    (pad 3 thru_hole oval (at 0 2.54) (size 1 1) (drill 0.65) (layers *.Cu *.Mask)
      (net 16 /BQ_INT))
    (pad 2 thru_hole oval (at 0 1.27) (size 1 1) (drill 0.65) (layers *.Cu *.Mask)
      (net 15 /BQ_SDA))
    (pad 1 thru_hole oval (at 0 0) (size 1 1) (drill 0.65) (layers *.Cu *.Mask)
      (net 14 /BQ_SCL))
    (model ${KISYS3DMOD}/Connector_PinHeader_1.27mm.3dshapes/PinHeader_1x03_P1.27mm_Vertical.wrl
      (at (xyz 0 0 0))
      (scale (xyz 1 1 1))
      (rotate (xyz 0 0 0))
    )
  )

  (module Capacitor_SMD:C_0805_2012Metric (layer F.Cu) (tedit 5B36C52B) (tstamp 61DF3C7B)
    (at 97.0625 85)
    (descr "Capacitor SMD 0805 (2012 Metric), square (rectangular) end terminal, IPC_7351 nominal, (Body size source: https://docs.google.com/spreadsheets/d/1BsfQQcO9C6DZCsRaXUlFlo91Tg2WpOkGARC1WS5S8t0/edit?usp=sharing), generated with kicad-footprint-generator")
    (tags capacitor)
    (path /61D3542F)
    (attr smd)
    (fp_text reference C1 (at 0 -1.65) (layer F.SilkS)
      (effects (font (size 1 1) (thickness 0.15)))
    )
    (fp_text value 4,7uF (at 0 1.65) (layer F.Fab)
      (effects (font (size 1 1) (thickness 0.15)))
    )
    (fp_line (start -1 0.6) (end -1 -0.6) (layer F.Fab) (width 0.1))
    (fp_line (start -1 -0.6) (end 1 -0.6) (layer F.Fab) (width 0.1))
    (fp_line (start 1 -0.6) (end 1 0.6) (layer F.Fab) (width 0.1))
    (fp_line (start 1 0.6) (end -1 0.6) (layer F.Fab) (width 0.1))
    (fp_line (start -0.258578 -0.71) (end 0.258578 -0.71) (layer F.SilkS) (width 0.12))
    (fp_line (start -0.258578 0.71) (end 0.258578 0.71) (layer F.SilkS) (width 0.12))
    (fp_line (start -1.68 0.95) (end -1.68 -0.95) (layer F.CrtYd) (width 0.05))
    (fp_line (start -1.68 -0.95) (end 1.68 -0.95) (layer F.CrtYd) (width 0.05))
    (fp_line (start 1.68 -0.95) (end 1.68 0.95) (layer F.CrtYd) (width 0.05))
    (fp_line (start 1.68 0.95) (end -1.68 0.95) (layer F.CrtYd) (width 0.05))
    (fp_text user %R (at 0 0) (layer F.Fab)
      (effects (font (size 0.5 0.5) (thickness 0.08)))
    )
    (pad 1 smd roundrect (at -0.9375 0) (size 0.975 1.4) (layers F.Cu F.Paste F.Mask) (roundrect_rratio 0.25)
      (net 1 "Net-(C1-Pad1)"))
    (pad 2 smd roundrect (at 0.9375 0) (size 0.975 1.4) (layers F.Cu F.Paste F.Mask) (roundrect_rratio 0.25)
      (net 2 GND))
    (model ${KISYS3DMOD}/Capacitor_SMD.3dshapes/C_0805_2012Metric.wrl
      (at (xyz 0 0 0))
      (scale (xyz 1 1 1))
      (rotate (xyz 0 0 0))
    )
  )

  (module Capacitor_SMD:C_0805_2012Metric (layer F.Cu) (tedit 5B36C52B) (tstamp 61DF3C8C)
    (at 91 91)
    (descr "Capacitor SMD 0805 (2012 Metric), square (rectangular) end terminal, IPC_7351 nominal, (Body size source: https://docs.google.com/spreadsheets/d/1BsfQQcO9C6DZCsRaXUlFlo91Tg2WpOkGARC1WS5S8t0/edit?usp=sharing), generated with kicad-footprint-generator")
    (tags capacitor)
    (path /61D35441)
    (attr smd)
    (fp_text reference C2 (at 0 -1.65) (layer F.SilkS)
      (effects (font (size 1 1) (thickness 0.15)))
    )
    (fp_text value 4,7uF (at 0 1.65) (layer F.Fab)
      (effects (font (size 1 1) (thickness 0.15)))
    )
    (fp_text user %R (at 0 0) (layer F.Fab)
      (effects (font (size 0.5 0.5) (thickness 0.08)))
    )
    (fp_line (start 1.68 0.95) (end -1.68 0.95) (layer F.CrtYd) (width 0.05))
    (fp_line (start 1.68 -0.95) (end 1.68 0.95) (layer F.CrtYd) (width 0.05))
    (fp_line (start -1.68 -0.95) (end 1.68 -0.95) (layer F.CrtYd) (width 0.05))
    (fp_line (start -1.68 0.95) (end -1.68 -0.95) (layer F.CrtYd) (width 0.05))
    (fp_line (start -0.258578 0.71) (end 0.258578 0.71) (layer F.SilkS) (width 0.12))
    (fp_line (start -0.258578 -0.71) (end 0.258578 -0.71) (layer F.SilkS) (width 0.12))
    (fp_line (start 1 0.6) (end -1 0.6) (layer F.Fab) (width 0.1))
    (fp_line (start 1 -0.6) (end 1 0.6) (layer F.Fab) (width 0.1))
    (fp_line (start -1 -0.6) (end 1 -0.6) (layer F.Fab) (width 0.1))
    (fp_line (start -1 0.6) (end -1 -0.6) (layer F.Fab) (width 0.1))
    (pad 2 smd roundrect (at 0.9375 0) (size 0.975 1.4) (layers F.Cu F.Paste F.Mask) (roundrect_rratio 0.25)
      (net 3 /PMIDU))
    (pad 1 smd roundrect (at -0.9375 0) (size 0.975 1.4) (layers F.Cu F.Paste F.Mask) (roundrect_rratio 0.25)
      (net 2 GND))
    (model ${KISYS3DMOD}/Capacitor_SMD.3dshapes/C_0805_2012Metric.wrl
      (at (xyz 0 0 0))
      (scale (xyz 1 1 1))
      (rotate (xyz 0 0 0))
    )
  )

  (module Capacitor_SMD:C_0805_2012Metric (layer F.Cu) (tedit 5B36C52B) (tstamp 61DF5A75)
    (at 84.5 84 180)
    (descr "Capacitor SMD 0805 (2012 Metric), square (rectangular) end terminal, IPC_7351 nominal, (Body size source: https://docs.google.com/spreadsheets/d/1BsfQQcO9C6DZCsRaXUlFlo91Tg2WpOkGARC1WS5S8t0/edit?usp=sharing), generated with kicad-footprint-generator")
    (tags capacitor)
    (path /61D35514)
    (attr smd)
    (fp_text reference C3 (at 0 -1.65) (layer F.SilkS)
      (effects (font (size 1 1) (thickness 0.15)))
    )
    (fp_text value 1uF (at 0 1.65) (layer F.Fab)
      (effects (font (size 1 1) (thickness 0.15)))
    )
    (fp_text user %R (at 0 0) (layer F.Fab)
      (effects (font (size 0.5 0.5) (thickness 0.08)))
    )
    (fp_line (start 1.68 0.95) (end -1.68 0.95) (layer F.CrtYd) (width 0.05))
    (fp_line (start 1.68 -0.95) (end 1.68 0.95) (layer F.CrtYd) (width 0.05))
    (fp_line (start -1.68 -0.95) (end 1.68 -0.95) (layer F.CrtYd) (width 0.05))
    (fp_line (start -1.68 0.95) (end -1.68 -0.95) (layer F.CrtYd) (width 0.05))
    (fp_line (start -0.258578 0.71) (end 0.258578 0.71) (layer F.SilkS) (width 0.12))
    (fp_line (start -0.258578 -0.71) (end 0.258578 -0.71) (layer F.SilkS) (width 0.12))
    (fp_line (start 1 0.6) (end -1 0.6) (layer F.Fab) (width 0.1))
    (fp_line (start 1 -0.6) (end 1 0.6) (layer F.Fab) (width 0.1))
    (fp_line (start -1 -0.6) (end 1 -0.6) (layer F.Fab) (width 0.1))
    (fp_line (start -1 0.6) (end -1 -0.6) (layer F.Fab) (width 0.1))
    (pad 2 smd roundrect (at 0.9375 0 180) (size 0.975 1.4) (layers F.Cu F.Paste F.Mask) (roundrect_rratio 0.25)
      (net 2 GND))
    (pad 1 smd roundrect (at -0.9375 0 180) (size 0.975 1.4) (layers F.Cu F.Paste F.Mask) (roundrect_rratio 0.25)
      (net 4 /Vusb))
    (model ${KISYS3DMOD}/Capacitor_SMD.3dshapes/C_0805_2012Metric.wrl
      (at (xyz 0 0 0))
      (scale (xyz 1 1 1))
      (rotate (xyz 0 0 0))
    )
  )

  (module Capacitor_SMD:C_0805_2012Metric (layer F.Cu) (tedit 5B36C52B) (tstamp 61DF5130)
    (at 91.4375 84.0625 180)
    (descr "Capacitor SMD 0805 (2012 Metric), square (rectangular) end terminal, IPC_7351 nominal, (Body size source: https://docs.google.com/spreadsheets/d/1BsfQQcO9C6DZCsRaXUlFlo91Tg2WpOkGARC1WS5S8t0/edit?usp=sharing), generated with kicad-footprint-generator")
    (tags capacitor)
    (path /61D3550E)
    (attr smd)
    (fp_text reference C4 (at 0 -1.65) (layer F.SilkS)
      (effects (font (size 1 1) (thickness 0.15)))
    )
    (fp_text value 1uF (at 0 1.65) (layer F.Fab)
      (effects (font (size 1 1) (thickness 0.15)))
    )
    (fp_line (start -1 0.6) (end -1 -0.6) (layer F.Fab) (width 0.1))
    (fp_line (start -1 -0.6) (end 1 -0.6) (layer F.Fab) (width 0.1))
    (fp_line (start 1 -0.6) (end 1 0.6) (layer F.Fab) (width 0.1))
    (fp_line (start 1 0.6) (end -1 0.6) (layer F.Fab) (width 0.1))
    (fp_line (start -0.258578 -0.71) (end 0.258578 -0.71) (layer F.SilkS) (width 0.12))
    (fp_line (start -0.258578 0.71) (end 0.258578 0.71) (layer F.SilkS) (width 0.12))
    (fp_line (start -1.68 0.95) (end -1.68 -0.95) (layer F.CrtYd) (width 0.05))
    (fp_line (start -1.68 -0.95) (end 1.68 -0.95) (layer F.CrtYd) (width 0.05))
    (fp_line (start 1.68 -0.95) (end 1.68 0.95) (layer F.CrtYd) (width 0.05))
    (fp_line (start 1.68 0.95) (end -1.68 0.95) (layer F.CrtYd) (width 0.05))
    (fp_text user %R (at 0 0) (layer F.Fab)
      (effects (font (size 0.5 0.5) (thickness 0.08)))
    )
    (pad 1 smd roundrect (at -0.9375 0 180) (size 0.975 1.4) (layers F.Cu F.Paste F.Mask) (roundrect_rratio 0.25)
      (net 5 /Vext_dc))
    (pad 2 smd roundrect (at 0.9375 0 180) (size 0.975 1.4) (layers F.Cu F.Paste F.Mask) (roundrect_rratio 0.25)
      (net 2 GND))
    (model ${KISYS3DMOD}/Capacitor_SMD.3dshapes/C_0805_2012Metric.wrl
      (at (xyz 0 0 0))
      (scale (xyz 1 1 1))
      (rotate (xyz 0 0 0))
    )
  )

  (module Capacitor_SMD:C_0805_2012Metric (layer F.Cu) (tedit 5B36C52B) (tstamp 61DF3CBF)
    (at 97.0625 90 180)
    (descr "Capacitor SMD 0805 (2012 Metric), square (rectangular) end terminal, IPC_7351 nominal, (Body size source: https://docs.google.com/spreadsheets/d/1BsfQQcO9C6DZCsRaXUlFlo91Tg2WpOkGARC1WS5S8t0/edit?usp=sharing), generated with kicad-footprint-generator")
    (tags capacitor)
    (path /61D3543B)
    (attr smd)
    (fp_text reference C5 (at 0 -1.65) (layer F.SilkS)
      (effects (font (size 1 1) (thickness 0.15)))
    )
    (fp_text value 0,01uF (at 0 1.65) (layer F.Fab)
      (effects (font (size 1 1) (thickness 0.15)))
    )
    (fp_line (start -1 0.6) (end -1 -0.6) (layer F.Fab) (width 0.1))
    (fp_line (start -1 -0.6) (end 1 -0.6) (layer F.Fab) (width 0.1))
    (fp_line (start 1 -0.6) (end 1 0.6) (layer F.Fab) (width 0.1))
    (fp_line (start 1 0.6) (end -1 0.6) (layer F.Fab) (width 0.1))
    (fp_line (start -0.258578 -0.71) (end 0.258578 -0.71) (layer F.SilkS) (width 0.12))
    (fp_line (start -0.258578 0.71) (end 0.258578 0.71) (layer F.SilkS) (width 0.12))
    (fp_line (start -1.68 0.95) (end -1.68 -0.95) (layer F.CrtYd) (width 0.05))
    (fp_line (start -1.68 -0.95) (end 1.68 -0.95) (layer F.CrtYd) (width 0.05))
    (fp_line (start 1.68 -0.95) (end 1.68 0.95) (layer F.CrtYd) (width 0.05))
    (fp_line (start 1.68 0.95) (end -1.68 0.95) (layer F.CrtYd) (width 0.05))
    (fp_text user %R (at 0 0) (layer F.Fab)
      (effects (font (size 0.5 0.5) (thickness 0.08)))
    )
    (pad 1 smd roundrect (at -0.9375 0 180) (size 0.975 1.4) (layers F.Cu F.Paste F.Mask) (roundrect_rratio 0.25)
      (net 6 /SW))
    (pad 2 smd roundrect (at 0.9375 0 180) (size 0.975 1.4) (layers F.Cu F.Paste F.Mask) (roundrect_rratio 0.25)
      (net 7 /BOOT))
    (model ${KISYS3DMOD}/Capacitor_SMD.3dshapes/C_0805_2012Metric.wrl
      (at (xyz 0 0 0))
      (scale (xyz 1 1 1))
      (rotate (xyz 0 0 0))
    )
  )

  (module Capacitor_SMD:C_0805_2012Metric (layer F.Cu) (tedit 5B36C52B) (tstamp 61DF3CD0)
    (at 97 109)
    (descr "Capacitor SMD 0805 (2012 Metric), square (rectangular) end terminal, IPC_7351 nominal, (Body size source: https://docs.google.com/spreadsheets/d/1BsfQQcO9C6DZCsRaXUlFlo91Tg2WpOkGARC1WS5S8t0/edit?usp=sharing), generated with kicad-footprint-generator")
    (tags capacitor)
    (path /61D35435)
    (attr smd)
    (fp_text reference C6 (at 0 -1.65) (layer F.SilkS)
      (effects (font (size 1 1) (thickness 0.15)))
    )
    (fp_text value 1uF (at 0 1.65) (layer F.Fab)
      (effects (font (size 1 1) (thickness 0.15)))
    )
    (fp_text user %R (at 0 0) (layer F.Fab)
      (effects (font (size 0.5 0.5) (thickness 0.08)))
    )
    (fp_line (start 1.68 0.95) (end -1.68 0.95) (layer F.CrtYd) (width 0.05))
    (fp_line (start 1.68 -0.95) (end 1.68 0.95) (layer F.CrtYd) (width 0.05))
    (fp_line (start -1.68 -0.95) (end 1.68 -0.95) (layer F.CrtYd) (width 0.05))
    (fp_line (start -1.68 0.95) (end -1.68 -0.95) (layer F.CrtYd) (width 0.05))
    (fp_line (start -0.258578 0.71) (end 0.258578 0.71) (layer F.SilkS) (width 0.12))
    (fp_line (start -0.258578 -0.71) (end 0.258578 -0.71) (layer F.SilkS) (width 0.12))
    (fp_line (start 1 0.6) (end -1 0.6) (layer F.Fab) (width 0.1))
    (fp_line (start 1 -0.6) (end 1 0.6) (layer F.Fab) (width 0.1))
    (fp_line (start -1 -0.6) (end 1 -0.6) (layer F.Fab) (width 0.1))
    (fp_line (start -1 0.6) (end -1 -0.6) (layer F.Fab) (width 0.1))
    (pad 2 smd roundrect (at 0.9375 0) (size 0.975 1.4) (layers F.Cu F.Paste F.Mask) (roundrect_rratio 0.25)
      (net 2 GND))
    (pad 1 smd roundrect (at -0.9375 0) (size 0.975 1.4) (layers F.Cu F.Paste F.Mask) (roundrect_rratio 0.25)
      (net 8 /VBAT))
    (model ${KISYS3DMOD}/Capacitor_SMD.3dshapes/C_0805_2012Metric.wrl
      (at (xyz 0 0 0))
      (scale (xyz 1 1 1))
      (rotate (xyz 0 0 0))
    )
  )

  (module Capacitor_SMD:C_0805_2012Metric (layer F.Cu) (tedit 5B36C52B) (tstamp 61DFE025)
    (at 105 87 180)
    (descr "Capacitor SMD 0805 (2012 Metric), square (rectangular) end terminal, IPC_7351 nominal, (Body size source: https://docs.google.com/spreadsheets/d/1BsfQQcO9C6DZCsRaXUlFlo91Tg2WpOkGARC1WS5S8t0/edit?usp=sharing), generated with kicad-footprint-generator")
    (tags capacitor)
    (path /61D35447)
    (attr smd)
    (fp_text reference C7 (at 0 -1.65) (layer F.SilkS)
      (effects (font (size 1 1) (thickness 0.15)))
    )
    (fp_text value 1uF (at 0 1.65) (layer F.Fab)
      (effects (font (size 1 1) (thickness 0.15)))
    )
    (fp_line (start -1 0.6) (end -1 -0.6) (layer F.Fab) (width 0.1))
    (fp_line (start -1 -0.6) (end 1 -0.6) (layer F.Fab) (width 0.1))
    (fp_line (start 1 -0.6) (end 1 0.6) (layer F.Fab) (width 0.1))
    (fp_line (start 1 0.6) (end -1 0.6) (layer F.Fab) (width 0.1))
    (fp_line (start -0.258578 -0.71) (end 0.258578 -0.71) (layer F.SilkS) (width 0.12))
    (fp_line (start -0.258578 0.71) (end 0.258578 0.71) (layer F.SilkS) (width 0.12))
    (fp_line (start -1.68 0.95) (end -1.68 -0.95) (layer F.CrtYd) (width 0.05))
    (fp_line (start -1.68 -0.95) (end 1.68 -0.95) (layer F.CrtYd) (width 0.05))
    (fp_line (start 1.68 -0.95) (end 1.68 0.95) (layer F.CrtYd) (width 0.05))
    (fp_line (start 1.68 0.95) (end -1.68 0.95) (layer F.CrtYd) (width 0.05))
    (fp_text user %R (at 0 0) (layer F.Fab)
      (effects (font (size 0.5 0.5) (thickness 0.08)))
    )
    (pad 1 smd roundrect (at -0.9375 0 180) (size 0.975 1.4) (layers F.Cu F.Paste F.Mask) (roundrect_rratio 0.25)
      (net 9 /Vsistema))
    (pad 2 smd roundrect (at 0.9375 0 180) (size 0.975 1.4) (layers F.Cu F.Paste F.Mask) (roundrect_rratio 0.25)
      (net 2 GND))
    (model ${KISYS3DMOD}/Capacitor_SMD.3dshapes/C_0805_2012Metric.wrl
      (at (xyz 0 0 0))
      (scale (xyz 1 1 1))
      (rotate (xyz 0 0 0))
    )
  )

  (module LED_SMD:LED_0805_2012Metric (layer F.Cu) (tedit 5B36C52C) (tstamp 61DF4BDD)
    (at 86.5 100.0625 90)
    (descr "LED SMD 0805 (2012 Metric), square (rectangular) end terminal, IPC_7351 nominal, (Body size source: https://docs.google.com/spreadsheets/d/1BsfQQcO9C6DZCsRaXUlFlo91Tg2WpOkGARC1WS5S8t0/edit?usp=sharing), generated with kicad-footprint-generator")
    (tags diode)
    (path /61D35472)
    (attr smd)
    (fp_text reference D1 (at 0 -1.65 90) (layer F.SilkS)
      (effects (font (size 1 1) (thickness 0.15)))
    )
    (fp_text value LED (at 0 1.65 90) (layer F.Fab)
      (effects (font (size 1 1) (thickness 0.15)))
    )
    (fp_line (start 1 -0.6) (end -0.7 -0.6) (layer F.Fab) (width 0.1))
    (fp_line (start -0.7 -0.6) (end -1 -0.3) (layer F.Fab) (width 0.1))
    (fp_line (start -1 -0.3) (end -1 0.6) (layer F.Fab) (width 0.1))
    (fp_line (start -1 0.6) (end 1 0.6) (layer F.Fab) (width 0.1))
    (fp_line (start 1 0.6) (end 1 -0.6) (layer F.Fab) (width 0.1))
    (fp_line (start 1 -0.96) (end -1.685 -0.96) (layer F.SilkS) (width 0.12))
    (fp_line (start -1.685 -0.96) (end -1.685 0.96) (layer F.SilkS) (width 0.12))
    (fp_line (start -1.685 0.96) (end 1 0.96) (layer F.SilkS) (width 0.12))
    (fp_line (start -1.68 0.95) (end -1.68 -0.95) (layer F.CrtYd) (width 0.05))
    (fp_line (start -1.68 -0.95) (end 1.68 -0.95) (layer F.CrtYd) (width 0.05))
    (fp_line (start 1.68 -0.95) (end 1.68 0.95) (layer F.CrtYd) (width 0.05))
    (fp_line (start 1.68 0.95) (end -1.68 0.95) (layer F.CrtYd) (width 0.05))
    (fp_text user %R (at 0 0 90) (layer F.Fab)
      (effects (font (size 0.5 0.5) (thickness 0.08)))
    )
    (pad 1 smd roundrect (at -0.9375 0 90) (size 0.975 1.4) (layers F.Cu F.Paste F.Mask) (roundrect_rratio 0.25)
      (net 10 "Net-(D1-Pad1)"))
    (pad 2 smd roundrect (at 0.9375 0 90) (size 0.975 1.4) (layers F.Cu F.Paste F.Mask) (roundrect_rratio 0.25)
      (net 11 /VDRV))
    (model ${KISYS3DMOD}/LED_SMD.3dshapes/LED_0805_2012Metric.wrl
      (at (xyz 0 0 0))
      (scale (xyz 1 1 1))
      (rotate (xyz 0 0 0))
    )
  )

  (module Connector:JWT_A3963_1x02_P3.96mm_Vertical (layer F.Cu) (tedit 5A2A57CE) (tstamp 61DF50D8)
    (at 96.5 75.5 180)
    (descr "JWT A3963, 3.96mm pitch Pin head connector (http://www.jwt.com.tw/pro_pdf/A3963.pdf)")
    (tags "connector JWT A3963 pinhead")
    (path /61D3544D)
    (fp_text reference J1 (at 1.91 -5.08) (layer F.SilkS)
      (effects (font (size 1 1) (thickness 0.15)))
    )
    (fp_text value Conn_01x02_Male (at 1.91 6.35) (layer F.Fab)
      (effects (font (size 1 1) (thickness 0.15)))
    )
    (fp_text user %R (at 2.2 3.7) (layer F.Fab)
      (effects (font (size 1 1) (thickness 0.15)))
    )
    (fp_line (start 4.6 -3.2) (end 4.6 -1.8) (layer F.Fab) (width 0.1))
    (fp_line (start -0.8 -3.2) (end 4.6 -3.2) (layer F.Fab) (width 0.1))
    (fp_line (start -0.8 -1.8) (end -0.8 -3.2) (layer F.Fab) (width 0.1))
    (fp_line (start 0 -0.3) (end 1.25 -1.8) (layer F.Fab) (width 0.1))
    (fp_line (start -1.25 -1.8) (end 0 -0.3) (layer F.Fab) (width 0.1))
    (fp_line (start -2.5 -2.2) (end -2.5 0) (layer F.SilkS) (width 0.12))
    (fp_line (start -1.2 -2.2) (end -2.5 -2.2) (layer F.SilkS) (width 0.12))
    (fp_line (start -2.05 4.7) (end -2.05 -1.8) (layer F.Fab) (width 0.1))
    (fp_line (start 5.85 4.7) (end -2.05 4.7) (layer F.Fab) (width 0.1))
    (fp_line (start 5.85 -1.8) (end 5.85 4.7) (layer F.Fab) (width 0.1))
    (fp_line (start -2.05 -1.8) (end 5.85 -1.8) (layer F.Fab) (width 0.1))
    (fp_line (start -2.5 -3.55) (end 6.35 -3.55) (layer F.CrtYd) (width 0.05))
    (fp_line (start 6.35 -3.55) (end 6.35 5.05) (layer F.CrtYd) (width 0.05))
    (fp_line (start 6.35 5.05) (end -2.5 5.05) (layer F.CrtYd) (width 0.05))
    (fp_line (start -2.5 5.05) (end -2.5 -3.55) (layer F.CrtYd) (width 0.05))
    (fp_line (start 2.29 4.83) (end 5.97 4.83) (layer F.SilkS) (width 0.12))
    (fp_line (start 1.52 4.83) (end -2.16 4.83) (layer F.SilkS) (width 0.12))
    (fp_line (start 1.52 4.83) (end 1.52 4.57) (layer F.SilkS) (width 0.12))
    (fp_line (start 1.52 4.57) (end 2.29 4.57) (layer F.SilkS) (width 0.12))
    (fp_line (start 2.29 4.57) (end 2.29 4.83) (layer F.SilkS) (width 0.12))
    (fp_line (start -0.89 -2.16) (end 4.7 -2.16) (layer F.SilkS) (width 0.12))
    (fp_line (start -0.89 -3.05) (end 4.7 -3.05) (layer F.SilkS) (width 0.12))
    (fp_line (start 5.97 -1.91) (end 5.97 0) (layer F.SilkS) (width 0.12))
    (fp_line (start -2.16 -1.91) (end -2.16 0) (layer F.SilkS) (width 0.12))
    (fp_line (start -0.89 -3.3) (end 4.7 -3.3) (layer F.SilkS) (width 0.12))
    (fp_line (start 4.7 -1.91) (end 4.7 -3.3) (layer F.SilkS) (width 0.12))
    (fp_line (start -0.89 -1.91) (end -0.89 -3.3) (layer F.SilkS) (width 0.12))
    (fp_line (start -2.16 -1.91) (end 5.97 -1.91) (layer F.SilkS) (width 0.12))
    (fp_line (start -2.16 0) (end -2.16 4.83) (layer F.SilkS) (width 0.12))
    (fp_line (start 5.97 4.83) (end 5.97 0) (layer F.SilkS) (width 0.12))
    (pad 1 thru_hole rect (at 0 0 180) (size 3 3) (drill 1.75) (layers *.Cu *.Mask)
      (net 5 /Vext_dc))
    (pad 2 thru_hole circle (at 3.88 0 180) (size 3 3) (drill 1.75) (layers *.Cu *.Mask)
      (net 2 GND))
    (model ${KISYS3DMOD}/Connector.3dshapes/JWT_A3963_1x02_P3.96mm_Vertical.wrl
      (at (xyz 0 0 0))
      (scale (xyz 1 1 1))
      (rotate (xyz 0 0 0))
    )
  )

  (module Connector:JWT_A3963_1x02_P3.96mm_Vertical (layer F.Cu) (tedit 5A2A57CE) (tstamp 61DF3D3E)
    (at 95.12 115)
    (descr "JWT A3963, 3.96mm pitch Pin head connector (http://www.jwt.com.tw/pro_pdf/A3963.pdf)")
    (tags "connector JWT A3963 pinhead")
    (path /61D354C9)
    (fp_text reference J2 (at 1.91 -5.08) (layer F.SilkS)
      (effects (font (size 1 1) (thickness 0.15)))
    )
    (fp_text value Conn_01x02_Male (at 1.91 6.35) (layer F.Fab)
      (effects (font (size 1 1) (thickness 0.15)))
    )
    (fp_line (start 5.97 4.83) (end 5.97 0) (layer F.SilkS) (width 0.12))
    (fp_line (start -2.16 0) (end -2.16 4.83) (layer F.SilkS) (width 0.12))
    (fp_line (start -2.16 -1.91) (end 5.97 -1.91) (layer F.SilkS) (width 0.12))
    (fp_line (start -0.89 -1.91) (end -0.89 -3.3) (layer F.SilkS) (width 0.12))
    (fp_line (start 4.7 -1.91) (end 4.7 -3.3) (layer F.SilkS) (width 0.12))
    (fp_line (start -0.89 -3.3) (end 4.7 -3.3) (layer F.SilkS) (width 0.12))
    (fp_line (start -2.16 -1.91) (end -2.16 0) (layer F.SilkS) (width 0.12))
    (fp_line (start 5.97 -1.91) (end 5.97 0) (layer F.SilkS) (width 0.12))
    (fp_line (start -0.89 -3.05) (end 4.7 -3.05) (layer F.SilkS) (width 0.12))
    (fp_line (start -0.89 -2.16) (end 4.7 -2.16) (layer F.SilkS) (width 0.12))
    (fp_line (start 2.29 4.57) (end 2.29 4.83) (layer F.SilkS) (width 0.12))
    (fp_line (start 1.52 4.57) (end 2.29 4.57) (layer F.SilkS) (width 0.12))
    (fp_line (start 1.52 4.83) (end 1.52 4.57) (layer F.SilkS) (width 0.12))
    (fp_line (start 1.52 4.83) (end -2.16 4.83) (layer F.SilkS) (width 0.12))
    (fp_line (start 2.29 4.83) (end 5.97 4.83) (layer F.SilkS) (width 0.12))
    (fp_line (start -2.5 5.05) (end -2.5 -3.55) (layer F.CrtYd) (width 0.05))
    (fp_line (start 6.35 5.05) (end -2.5 5.05) (layer F.CrtYd) (width 0.05))
    (fp_line (start 6.35 -3.55) (end 6.35 5.05) (layer F.CrtYd) (width 0.05))
    (fp_line (start -2.5 -3.55) (end 6.35 -3.55) (layer F.CrtYd) (width 0.05))
    (fp_line (start -2.05 -1.8) (end 5.85 -1.8) (layer F.Fab) (width 0.1))
    (fp_line (start 5.85 -1.8) (end 5.85 4.7) (layer F.Fab) (width 0.1))
    (fp_line (start 5.85 4.7) (end -2.05 4.7) (layer F.Fab) (width 0.1))
    (fp_line (start -2.05 4.7) (end -2.05 -1.8) (layer F.Fab) (width 0.1))
    (fp_line (start -1.2 -2.2) (end -2.5 -2.2) (layer F.SilkS) (width 0.12))
    (fp_line (start -2.5 -2.2) (end -2.5 0) (layer F.SilkS) (width 0.12))
    (fp_line (start -1.25 -1.8) (end 0 -0.3) (layer F.Fab) (width 0.1))
    (fp_line (start 0 -0.3) (end 1.25 -1.8) (layer F.Fab) (width 0.1))
    (fp_line (start -0.8 -1.8) (end -0.8 -3.2) (layer F.Fab) (width 0.1))
    (fp_line (start -0.8 -3.2) (end 4.6 -3.2) (layer F.Fab) (width 0.1))
    (fp_line (start 4.6 -3.2) (end 4.6 -1.8) (layer F.Fab) (width 0.1))
    (fp_text user %R (at 2.2 3.7) (layer F.Fab)
      (effects (font (size 1 1) (thickness 0.15)))
    )
    (pad 2 thru_hole circle (at 3.88 0) (size 3 3) (drill 1.75) (layers *.Cu *.Mask)
      (net 2 GND))
    (pad 1 thru_hole rect (at 0 0) (size 3 3) (drill 1.75) (layers *.Cu *.Mask)
      (net 8 /VBAT))
    (model ${KISYS3DMOD}/Connector.3dshapes/JWT_A3963_1x02_P3.96mm_Vertical.wrl
      (at (xyz 0 0 0))
      (scale (xyz 1 1 1))
      (rotate (xyz 0 0 0))
    )
  )

  (module Connector:JWT_A3963_1x02_P3.96mm_Vertical (layer F.Cu) (tedit 5A2A57CE) (tstamp 61DF3D63)
    (at 83.5 75.5 180)
    (descr "JWT A3963, 3.96mm pitch Pin head connector (http://www.jwt.com.tw/pro_pdf/A3963.pdf)")
    (tags "connector JWT A3963 pinhead")
    (path /61D35559)
    (fp_text reference J3 (at 1.91 -5.08) (layer F.SilkS)
      (effects (font (size 1 1) (thickness 0.15)))
    )
    (fp_text value Conn_01x02_Female (at 1.91 6.35) (layer F.Fab)
      (effects (font (size 1 1) (thickness 0.15)))
    )
    (fp_text user %R (at 2.2 3.7) (layer F.Fab)
      (effects (font (size 1 1) (thickness 0.15)))
    )
    (fp_line (start 4.6 -3.2) (end 4.6 -1.8) (layer F.Fab) (width 0.1))
    (fp_line (start -0.8 -3.2) (end 4.6 -3.2) (layer F.Fab) (width 0.1))
    (fp_line (start -0.8 -1.8) (end -0.8 -3.2) (layer F.Fab) (width 0.1))
    (fp_line (start 0 -0.3) (end 1.25 -1.8) (layer F.Fab) (width 0.1))
    (fp_line (start -1.25 -1.8) (end 0 -0.3) (layer F.Fab) (width 0.1))
    (fp_line (start -2.5 -2.2) (end -2.5 0) (layer F.SilkS) (width 0.12))
    (fp_line (start -1.2 -2.2) (end -2.5 -2.2) (layer F.SilkS) (width 0.12))
    (fp_line (start -2.05 4.7) (end -2.05 -1.8) (layer F.Fab) (width 0.1))
    (fp_line (start 5.85 4.7) (end -2.05 4.7) (layer F.Fab) (width 0.1))
    (fp_line (start 5.85 -1.8) (end 5.85 4.7) (layer F.Fab) (width 0.1))
    (fp_line (start -2.05 -1.8) (end 5.85 -1.8) (layer F.Fab) (width 0.1))
    (fp_line (start -2.5 -3.55) (end 6.35 -3.55) (layer F.CrtYd) (width 0.05))
    (fp_line (start 6.35 -3.55) (end 6.35 5.05) (layer F.CrtYd) (width 0.05))
    (fp_line (start 6.35 5.05) (end -2.5 5.05) (layer F.CrtYd) (width 0.05))
    (fp_line (start -2.5 5.05) (end -2.5 -3.55) (layer F.CrtYd) (width 0.05))
    (fp_line (start 2.29 4.83) (end 5.97 4.83) (layer F.SilkS) (width 0.12))
    (fp_line (start 1.52 4.83) (end -2.16 4.83) (layer F.SilkS) (width 0.12))
    (fp_line (start 1.52 4.83) (end 1.52 4.57) (layer F.SilkS) (width 0.12))
    (fp_line (start 1.52 4.57) (end 2.29 4.57) (layer F.SilkS) (width 0.12))
    (fp_line (start 2.29 4.57) (end 2.29 4.83) (layer F.SilkS) (width 0.12))
    (fp_line (start -0.89 -2.16) (end 4.7 -2.16) (layer F.SilkS) (width 0.12))
    (fp_line (start -0.89 -3.05) (end 4.7 -3.05) (layer F.SilkS) (width 0.12))
    (fp_line (start 5.97 -1.91) (end 5.97 0) (layer F.SilkS) (width 0.12))
    (fp_line (start -2.16 -1.91) (end -2.16 0) (layer F.SilkS) (width 0.12))
    (fp_line (start -0.89 -3.3) (end 4.7 -3.3) (layer F.SilkS) (width 0.12))
    (fp_line (start 4.7 -1.91) (end 4.7 -3.3) (layer F.SilkS) (width 0.12))
    (fp_line (start -0.89 -1.91) (end -0.89 -3.3) (layer F.SilkS) (width 0.12))
    (fp_line (start -2.16 -1.91) (end 5.97 -1.91) (layer F.SilkS) (width 0.12))
    (fp_line (start -2.16 0) (end -2.16 4.83) (layer F.SilkS) (width 0.12))
    (fp_line (start 5.97 4.83) (end 5.97 0) (layer F.SilkS) (width 0.12))
    (pad 1 thru_hole rect (at 0 0 180) (size 3 3) (drill 1.75) (layers *.Cu *.Mask)
      (net 4 /Vusb))
    (pad 2 thru_hole circle (at 3.88 0 180) (size 3 3) (drill 1.75) (layers *.Cu *.Mask)
      (net 2 GND))
    (model ${KISYS3DMOD}/Connector.3dshapes/JWT_A3963_1x02_P3.96mm_Vertical.wrl
      (at (xyz 0 0 0))
      (scale (xyz 1 1 1))
      (rotate (xyz 0 0 0))
    )
  )

  (module Inductor_THT:L_Radial_D6.0mm_P4.00mm (layer F.Cu) (tedit 5AE59B06) (tstamp 61DF3D6E)
    (at 107 79 180)
    (descr "Inductor, Radial series, Radial, pin pitch=4.00mm, , diameter=6.0mm, http://www.abracon.com/Magnetics/radial/AIUR-07.pdf")
    (tags "Inductor Radial series Radial pin pitch 4.00mm  diameter 6.0mm")
    (path /61D35496)
    (fp_text reference L1 (at 2 -4.25) (layer F.SilkS)
      (effects (font (size 1 1) (thickness 0.15)))
    )
    (fp_text value 1,5uH (at 2 4.25) (layer F.Fab)
      (effects (font (size 1 1) (thickness 0.15)))
    )
    (fp_arc (start 2 0) (end -0.85426 -1.26) (angle 132.362317) (layer F.SilkS) (width 0.12))
    (fp_arc (start 2 0) (end -0.85426 1.26) (angle -132.362317) (layer F.SilkS) (width 0.12))
    (fp_circle (center 2 0) (end 5 0) (layer F.Fab) (width 0.1))
    (fp_circle (center 2 0) (end 5.49 0) (layer F.CrtYd) (width 0.05))
    (fp_text user %R (at 2 0) (layer F.Fab)
      (effects (font (size 1 1) (thickness 0.15)))
    )
    (pad 1 thru_hole circle (at 0 0 180) (size 2 2) (drill 1) (layers *.Cu *.Mask)
      (net 9 /Vsistema))
    (pad 2 thru_hole circle (at 4 0 180) (size 2 2) (drill 1) (layers *.Cu *.Mask)
      (net 6 /SW))
    (model ${KISYS3DMOD}/Inductor_THT.3dshapes/L_Radial_D6.0mm_P4.00mm.wrl
      (at (xyz 0 0 0))
      (scale (xyz 1 1 1))
      (rotate (xyz 0 0 0))
    )
  )

  (module Resistor_SMD:R_0805_2012Metric (layer F.Cu) (tedit 5B36C52B) (tstamp 61DF3D7F)
    (at 91.0625 103)
    (descr "Resistor SMD 0805 (2012 Metric), square (rectangular) end terminal, IPC_7351 nominal, (Body size source: https://docs.google.com/spreadsheets/d/1BsfQQcO9C6DZCsRaXUlFlo91Tg2WpOkGARC1WS5S8t0/edit?usp=sharing), generated with kicad-footprint-generator")
    (tags resistor)
    (path /61D35478)
    (attr smd)
    (fp_text reference R1 (at 0 -1.65) (layer F.SilkS)
      (effects (font (size 1 1) (thickness 0.15)))
    )
    (fp_text value 1K (at 0 1.65) (layer F.Fab)
      (effects (font (size 1 1) (thickness 0.15)))
    )
    (fp_text user %R (at 0 0) (layer F.Fab)
      (effects (font (size 0.5 0.5) (thickness 0.08)))
    )
    (fp_line (start 1.68 0.95) (end -1.68 0.95) (layer F.CrtYd) (width 0.05))
    (fp_line (start 1.68 -0.95) (end 1.68 0.95) (layer F.CrtYd) (width 0.05))
    (fp_line (start -1.68 -0.95) (end 1.68 -0.95) (layer F.CrtYd) (width 0.05))
    (fp_line (start -1.68 0.95) (end -1.68 -0.95) (layer F.CrtYd) (width 0.05))
    (fp_line (start -0.258578 0.71) (end 0.258578 0.71) (layer F.SilkS) (width 0.12))
    (fp_line (start -0.258578 -0.71) (end 0.258578 -0.71) (layer F.SilkS) (width 0.12))
    (fp_line (start 1 0.6) (end -1 0.6) (layer F.Fab) (width 0.1))
    (fp_line (start 1 -0.6) (end 1 0.6) (layer F.Fab) (width 0.1))
    (fp_line (start -1 -0.6) (end 1 -0.6) (layer F.Fab) (width 0.1))
    (fp_line (start -1 0.6) (end -1 -0.6) (layer F.Fab) (width 0.1))
    (pad 2 smd roundrect (at 0.9375 0) (size 0.975 1.4) (layers F.Cu F.Paste F.Mask) (roundrect_rratio 0.25)
      (net 12 /STAT))
    (pad 1 smd roundrect (at -0.9375 0) (size 0.975 1.4) (layers F.Cu F.Paste F.Mask) (roundrect_rratio 0.25)
      (net 10 "Net-(D1-Pad1)"))
    (model ${KISYS3DMOD}/Resistor_SMD.3dshapes/R_0805_2012Metric.wrl
      (at (xyz 0 0 0))
      (scale (xyz 1 1 1))
      (rotate (xyz 0 0 0))
    )
  )

  (module Resistor_SMD:R_0805_2012Metric (layer F.Cu) (tedit 5B36C52B) (tstamp 61DF6E67)
    (at 81.7 100.0375 270)
    (descr "Resistor SMD 0805 (2012 Metric), square (rectangular) end terminal, IPC_7351 nominal, (Body size source: https://docs.google.com/spreadsheets/d/1BsfQQcO9C6DZCsRaXUlFlo91Tg2WpOkGARC1WS5S8t0/edit?usp=sharing), generated with kicad-footprint-generator")
    (tags resistor)
    (path /61D35520)
    (attr smd)
    (fp_text reference R2 (at 0 -1.65 90) (layer F.SilkS)
      (effects (font (size 1 1) (thickness 0.15)))
    )
    (fp_text value 10k (at 0 1.65 90) (layer F.Fab)
      (effects (font (size 1 1) (thickness 0.15)))
    )
    (fp_line (start -1 0.6) (end -1 -0.6) (layer F.Fab) (width 0.1))
    (fp_line (start -1 -0.6) (end 1 -0.6) (layer F.Fab) (width 0.1))
    (fp_line (start 1 -0.6) (end 1 0.6) (layer F.Fab) (width 0.1))
    (fp_line (start 1 0.6) (end -1 0.6) (layer F.Fab) (width 0.1))
    (fp_line (start -0.258578 -0.71) (end 0.258578 -0.71) (layer F.SilkS) (width 0.12))
    (fp_line (start -0.258578 0.71) (end 0.258578 0.71) (layer F.SilkS) (width 0.12))
    (fp_line (start -1.68 0.95) (end -1.68 -0.95) (layer F.CrtYd) (width 0.05))
    (fp_line (start -1.68 -0.95) (end 1.68 -0.95) (layer F.CrtYd) (width 0.05))
    (fp_line (start 1.68 -0.95) (end 1.68 0.95) (layer F.CrtYd) (width 0.05))
    (fp_line (start 1.68 0.95) (end -1.68 0.95) (layer F.CrtYd) (width 0.05))
    (fp_text user %R (at 0 0 90) (layer F.Fab)
      (effects (font (size 0.5 0.5) (thickness 0.08)))
    )
    (pad 1 smd roundrect (at -0.9375 0 270) (size 0.975 1.4) (layers F.Cu F.Paste F.Mask) (roundrect_rratio 0.25)
      (net 11 /VDRV))
    (pad 2 smd roundrect (at 0.9375 0 270) (size 0.975 1.4) (layers F.Cu F.Paste F.Mask) (roundrect_rratio 0.25)
      (net 13 /BAT_NTC))
    (model ${KISYS3DMOD}/Resistor_SMD.3dshapes/R_0805_2012Metric.wrl
      (at (xyz 0 0 0))
      (scale (xyz 1 1 1))
      (rotate (xyz 0 0 0))
    )
  )

  (module Resistor_SMD:R_0805_2012Metric (layer F.Cu) (tedit 5B36C52B) (tstamp 61DF3DA1)
    (at 77 100 90)
    (descr "Resistor SMD 0805 (2012 Metric), square (rectangular) end terminal, IPC_7351 nominal, (Body size source: https://docs.google.com/spreadsheets/d/1BsfQQcO9C6DZCsRaXUlFlo91Tg2WpOkGARC1WS5S8t0/edit?usp=sharing), generated with kicad-footprint-generator")
    (tags resistor)
    (path /61D3551A)
    (attr smd)
